11.038564443588257 4.594553470611572
19.303556203842163 2.661499500274658
25.822118997573853 2.1275675296783447
32.29249715805054 2.0075361728668213
38.77483034133911 2.065293788909912
45.307798862457275 1.7499841451644897
51.785274505615234 1.5061416625976562
58.31583380699158 1.2959163188934326
64.88257884979248 1.4258499145507812
71.5338933467865 1.1247107982635498
99.65138483047485 1.0442012548446655
107.72499680519104 1.0795776844024658
114.20043516159058 0.863746166229248
120.67103481292725 0.8114207983016968
127.08636355400085 1.0696158409118652
133.58706092834473 0.8162664175033569
140.17944169044495 0.8147678375244141
146.81439447402954 0.8734877705574036
153.4007647037506 0.8708846569061279
159.98558950424194 0.7458792924880981
188.6635582447052 0.6436318159103394
196.75201034545898 0.7412745952606201
203.2934787273407 0.5812336206436157
209.7924349308014 0.6302892565727234
216.336345911026 0.7203850746154785
222.88927102088928 0.6233915090560913
229.54851388931274 0.600321888923645
236.23448300361633 0.6288028955459595
242.93782496452332 0.6744601130485535
249.66035723686218 0.543883740901947
277.9112505912781 0.5062316656112671
285.90220856666565 0.5648068189620972
292.3997280597687 0.5352305173873901
298.852472782135 0.4336308240890503
305.3162760734558 0.5822130441665649
311.8455045223236 0.5252077579498291
318.44924330711365 0.4914889931678772
325.0248942375183 0.5079081058502197
331.6179840564728 0.5181072354316711
338.28743267059326 0.46812933683395386
366.88420581817627 0.48699602484703064
374.9261019229889 0.4916086792945862
381.3362238407135 0.4483553171157837
387.74671483039856 0.4368383586406708
394.13685393333435 0.5265508890151978
400.636766910553 0.44398853182792664
407.2092430591583 0.41378337144851685
413.7463812828064 0.4996720254421234
420.38140082359314 0.47361066937446594
427.01141905784607 0.44718635082244873
454.94956851005554 0.4283852279186249
462.9850833415985 0.4677932858467102
469.4679706096649 0.40231257677078247
475.964152097702 0.4336181879043579
482.4108316898346 0.501694917678833
488.8890345096588 0.4622856378555298
495.39280676841736 0.4080023467540741
502.0471520423889 0.4385262131690979
508.62152576446533 0.40133774280548096
515.2451422214508 0.39492475986480713
543.4133718013763 0.4256475269794464
551.5213932991028 0.4851779341697693
558.0118997097015 0.39804089069366455
564.5032377243042 0.33386296033859253
571.0292177200317 0.5098786354064941
577.6264145374298 0.40726226568222046
584.244918346405 0.3674086332321167
590.9321091175079 0.4358815848827362
597.593569278717 0.375738263130188
604.2169330120087 0.379158079624176
632.6106941699982 0.35467395186424255
640.7883536815643 0.35637202858924866
647.3060057163239 0.34632956981658936
653.8555274009705 0.4134332239627838
660.2934803962708 0.44016557931900024
666.889622926712 0.3346553444862366
673.5210049152374 0.3637266755104065
680.0789885520935 0.39528733491897583
686.739583492279 0.39194172620773315
693.3293423652649 0.3954662084579468
721.0679793357849 0.32920295000076294
729.1098833084106 0.33708351850509644
735.5777151584625 0.30040156841278076
742.1343183517456 0.3826180696487427
748.5495498180389 0.36643147468566895
755.0735428333282 0.39003610610961914
761.7278141975403 0.3978361189365387
768.3657865524292 0.34393227100372314
774.9398679733276 0.39796173572540283
781.4383108615875 0.3388127386569977
809.77237200737 0.3742293119430542
817.8938317298889 0.3486032783985138
824.3329389095306 0.33318978548049927
830.7930924892426 0.36107125878334045
837.3017632961273 0.33928465843200684
843.8738689422607 0.35429245233535767
850.5284104347229 0.3225502669811249
857.1623556613922 0.36947792768478394
863.8534750938416 0.44874149560928345
870.5960078239441 0.3499971032142639
899.6219797134399 0.40237295627593994
907.6683390140533 0.3967192769050598
914.111246585846 0.31362152099609375
920.4921894073486 0.3178648352622986
926.8761327266693 0.33746016025543213
933.253369808197 0.34682103991508484
939.6646404266357 0.3115108609199524
946.191703081131 0.35239124298095703
952.7126154899597 0.4232608675956726
959.3031795024872 0.34766653180122375
987.3714559078217 0.3207786977291107
995.441971540451 0.40630990266799927
1001.8629446029663 0.30109652876853943
1008.3734498023987 0.29806333780288696
1014.8190574645996 0.4411834478378296
1021.3115146160126 0.3222317695617676
1027.9064681529999 0.3176099956035614
1034.5316264629364 0.3523605763912201
1041.1075584888458 0.31181108951568604
1047.685914516449 0.31075596809387207
1076.4982948303223 0.3007906675338745
1084.5587768554688 0.3770483732223511
1091.0230476856232 0.2841763496398926
1097.4512457847595 0.2788069248199463
1103.9595155715942 0.36774447560310364
1110.5011231899261 0.30126556754112244
1117.1409513950348 0.3494092524051666
1123.767903804779 0.3620140850543976
1130.3175468444824 0.4398302137851715
1136.9442720413208 0.347983181476593
1165.6094694137573 0.37366461753845215
1173.6019337177277 0.43034183979034424
1180.0311217308044 0.28500428795814514
1186.5001997947693 0.3467586934566498
1192.9152688980103 0.4674162268638611
1199.4358496665955 0.35650256276130676
1205.989708662033 0.3539235591888428
1212.546334028244 0.266459196805954
1219.128982782364 0.26388856768608093
1225.6903231143951 0.33713793754577637
1254.464558839798 0.33694249391555786
1262.3785638809204 0.35397762060165405
1268.7447483539581 0.3104972243309021
1275.1253626346588 0.3066908121109009
1281.4941692352295 0.32479310035705566
1287.976939201355 0.3026864230632782
1294.491703748703 0.3874661326408386
1301.0743381977081 0.29992711544036865
1307.5835661888123 0.3198048770427704
1314.1058671474457 0.27645838260650635
1342.8232896327972 0.2944090664386749
1350.9372885227203 0.35597002506256104
1357.4177994728088 0.3167758584022522
1363.81982588768 0.2965748608112335
1370.28284907341 0.30910229682922363
1376.7104105949402 0.2969626784324646
1383.3020448684692 0.3109007477760315
1389.9223699569702 0.31838905811309814
1396.5814073085785 0.3709949851036072
1403.1507127285004 0.2896409034729004
1431.0804584026337 0.32030290365219116
1439.4818427562714 0.31901153922080994
1445.9219207763672 0.27981340885162354
1452.3517262935638 0.26464882493019104
1458.8427300453186 0.33493781089782715
1465.38969540596 0.30130982398986816
1471.9946925640106 0.36501866579055786
1478.6622502803802 0.3088276982307434
1485.2838606834412 0.32976534962654114
1491.873951435089 0.35707810521125793
1520.884593486786 0.3503495454788208
1529.0122714042664 0.32381847500801086
1535.348816871643 0.306787371635437
1541.79776597023 0.2567121684551239
1548.2812838554382 0.35057640075683594
1554.7192261219025 0.2914445698261261
1561.3241431713104 0.3140310049057007
1567.859786272049 0.29745757579803467
1574.4094080924988 0.32617753744125366
1580.9385151863098 0.34542110562324524
1609.2065732479095 0.35891997814178467
1617.1876738071442 0.33449292182922363
1623.5931270122528 0.290915846824646
1629.9572761058807 0.32160207629203796
1636.3666729927063 0.33526745438575745
1642.8017723560333 0.30375638604164124
1649.2968525886536 0.3017202615737915
1655.886830329895 0.27275872230529785
1662.480714082718 0.3371339738368988
1669.0655109882355 0.2839381694793701
1697.3652880191803 0.28205639123916626
1705.783977985382 0.2888919711112976
1712.2218883037567 0.3103875517845154
1718.6825666427612 0.29942673444747925
1725.1671347618103 0.36108195781707764
1731.6899964809418 0.3656388521194458
1738.1529531478882 0.2897011637687683
1744.7256984710693 0.31986284255981445
1751.3140757083893 0.376174658536911
1757.9552364349365 0.29639971256256104
1786.824093580246 0.2910381257534027
1794.8845903873444 0.2750055193901062
1801.3365354537964 0.2568255662918091
1807.7962160110474 0.28985339403152466
1814.2427797317505 0.4457854628562927
1820.7789447307587 0.3134816884994507
1827.391794204712 0.29529422521591187
1834.0155665874481 0.30517080426216125
1840.6789481639862 0.32916373014450073
1847.3571963310242 0.3154175579547882
