11.038564443588257 0.125
19.303556203842163 0.1484375
25.822118997573853 0.2291666716337204
32.29249715805054 0.279296875
38.77483034133911 0.31718748807907104
45.307798862457275 0.3541666567325592
51.785274505615234 0.3861607015132904
58.31583380699158 0.4267578125
64.88257884979248 0.4470486044883728
71.5338933467865 0.47734373807907104
99.65138483047485 0.78125
107.72499680519104 0.78125
114.20043516159058 0.7916666865348816
120.67103481292725 0.798828125
127.08636355400085 0.792187511920929
133.58706092834473 0.8033854365348816
140.17944169044495 0.8091517686843872
146.81439447402954 0.8125
153.4007647037506 0.8107638955116272
159.98558950424194 0.8148437738418579
188.6635582447052 0.890625
196.75201034545898 0.87109375
203.2934787273407 0.8880208134651184
209.7924349308014 0.888671875
216.336345911026 0.885937511920929
222.88927102088928 0.8815104365348816
229.54851388931274 0.8805803656578064
236.23448300361633 0.880859375
242.93782496452332 0.8793402910232544
249.66035723686218 0.8828125
277.9112505912781 0.90625
285.90220856666565 0.8984375
292.3997280597687 0.9114583134651184
298.852472782135 0.923828125
305.3162760734558 0.918749988079071
311.8455045223236 0.9166666865348816
318.44924330711365 0.9151785969734192
325.0248942375183 0.9169921875
331.6179840564728 0.9175347089767456
338.28743267059326 0.918749988079071
366.88420581817627 0.9140625
374.9261019229889 0.90625
381.3362238407135 0.9192708134651184
387.74671483039856 0.9296875
394.13685393333435 0.921875
400.636766910553 0.9270833134651184
407.2092430591583 0.9296875
413.7463812828064 0.92578125
420.38140082359314 0.9244791865348816
427.01141905784607 0.92578125
454.94956851005554 0.953125
462.9850833415985 0.93359375
469.4679706096649 0.9375
475.964152097702 0.939453125
482.4108316898346 0.9312499761581421
488.8890345096588 0.9270833134651184
495.39280676841736 0.9263392686843872
502.0471520423889 0.927734375
508.62152576446533 0.9288194179534912
515.2451422214508 0.9320312738418579
543.4133718013763 0.9296875
551.5213932991028 0.921875
558.0118997097015 0.9270833134651184
564.5032377243042 0.939453125
571.0292177200317 0.9312499761581421
577.6264145374298 0.9309895634651184
584.244918346405 0.9363839030265808
590.9321091175079 0.9345703125
597.593569278717 0.9357638955116272
604.2169330120087 0.9375
632.6106941699982 0.9453125
640.7883536815643 0.953125
647.3060057163239 0.953125
653.8555274009705 0.951171875
660.2934803962708 0.9468749761581421
666.889622926712 0.9505208134651184
673.5210049152374 0.9520089030265808
680.0789885520935 0.9501953125
686.739583492279 0.9487847089767456
693.3293423652649 0.94921875
721.0679793357849 0.9765625
729.1098833084106 0.97265625
735.5777151584625 0.9739583134651184
742.1343183517456 0.97265625
748.5495498180389 0.965624988079071
755.0735428333282 0.9622395634651184
761.7278141975403 0.9575892686843872
768.3657865524292 0.9580078125
774.9398679733276 0.9592013955116272
781.4383108615875 0.961718738079071
809.77237200737 0.9375
817.8938317298889 0.953125
824.3329389095306 0.9609375
830.7930924892426 0.9609375
837.3017632961273 0.9593750238418579
843.8738689422607 0.9596354365348816
850.5284104347229 0.9609375
857.1623556613922 0.9599609375
863.8534750938416 0.953125
870.5960078239441 0.9554687738418579
899.6219797134399 0.9375
907.6683390140533 0.9375
914.111246585846 0.9479166865348816
920.4921894073486 0.953125
926.8761327266693 0.957812488079071
933.253369808197 0.95703125
939.6646404266357 0.9598214030265808
946.191703081131 0.958984375
952.7126154899597 0.9565972089767456
959.3031795024872 0.956250011920929
987.3714559078217 0.9609375
995.441971540451 0.94140625
1001.8629446029663 0.9505208134651184
1008.3734498023987 0.955078125
1014.8190574645996 0.9468749761581421
1021.3115146160126 0.9453125
1027.9064681529999 0.9486607313156128
1034.5316264629364 0.9482421875
1041.1075584888458 0.9496527910232544
1047.685914516449 0.952343761920929
1076.4982948303223 0.9609375
1084.5587768554688 0.94921875
1091.0230476856232 0.9609375
1097.4512457847595 0.96875
1103.9595155715942 0.9624999761581421
1110.5011231899261 0.9661458134651184
1117.1409513950348 0.9642857313156128
1123.767903804779 0.9599609375
1130.3175468444824 0.9557291865348816
1136.9442720413208 0.9546874761581421
1165.6094694137573 0.9453125
1173.6019337177277 0.9296875
1180.0311217308044 0.9505208134651184
1186.5001997947693 0.955078125
1192.9152688980103 0.948437511920929
1199.4358496665955 0.9453125
1205.989708662033 0.9464285969734192
1212.546334028244 0.9501953125
1219.128982782364 0.9548611044883728
1225.6903231143951 0.956250011920929
1254.464558839798 0.96875
1262.3785638809204 0.9609375
1268.7447483539581 0.9635416865348816
1275.1253626346588 0.966796875
1281.4941692352295 0.9671875238418579
1287.976939201355 0.9674479365348816
1294.491703748703 0.9631696343421936
1301.0743381977081 0.96484375
1307.5835661888123 0.9635416865348816
1314.1058671474457 0.9664062261581421
1342.8232896327972 0.984375
1350.9372885227203 0.96875
1357.4177994728088 0.96875
1363.81982588768 0.970703125
1370.28284907341 0.96875
1376.7104105949402 0.9674479365348816
1383.3020448684692 0.96875
1389.9223699569702 0.9658203125
1396.5814073085785 0.9635416865348816
1403.1507127285004 0.9632812738418579
1431.0804584026337 0.9609375
1439.4818427562714 0.96484375
1445.9219207763672 0.96875
1452.3517262935638 0.97265625
1458.8427300453186 0.96875
1465.38969540596 0.9713541865348816
1471.9946925640106 0.9709821343421936
1478.6622502803802 0.9716796875
1485.2838606834412 0.9713541865348816
1491.873951435089 0.9710937738418579
1520.884593486786 0.9609375
1529.0122714042664 0.96875
1535.348816871643 0.9739583134651184
1541.79776597023 0.978515625
1548.2812838554382 0.9703124761581421
1554.7192261219025 0.9700520634651184
1561.3241431713104 0.9676339030265808
1567.859786272049 0.96875
1574.4094080924988 0.96875
1580.9385151863098 0.96875
1609.2065732479095 0.9375
1617.1876738071442 0.94921875
1623.5931270122528 0.9583333134651184
1629.9572761058807 0.958984375
1636.3666729927063 0.956250011920929
1642.8017723560333 0.95703125
1649.2968525886536 0.9587053656578064
1655.886830329895 0.9619140625
1662.480714082718 0.9618055820465088
1669.0655109882355 0.964062511920929
1697.3652880191803 0.984375
1705.783977985382 0.98046875
1712.2218883037567 0.9765625
1718.6825666427612 0.974609375
1725.1671347618103 0.9671875238418579
1731.6899964809418 0.9635416865348816
1738.1529531478882 0.9654017686843872
1744.7256984710693 0.96484375
1751.3140757083893 0.9635416865348816
1757.9552364349365 0.96484375
1786.824093580246 0.9765625
1794.8845903873444 0.9765625
1801.3365354537964 0.9817708134651184
1807.7962160110474 0.982421875
1814.2427797317505 0.96875
1820.7789447307587 0.96875
1827.391794204712 0.9676339030265808
1834.0155665874481 0.96875
1840.6789481639862 0.96875
1847.3571963310242 0.969531238079071
