18.673343896865845 4.29526424407959
30.364129543304443 8.357242584228516
40.37117385864258 6.681072235107422
50.21482825279236 5.466124534606934
60.32689571380615 4.582022666931152
95.32080888748169 3.83267879486084
107.19841504096985 3.16843318939209
117.22764182090759 2.6207199096679688
126.89608669281006 2.188876152038574
137.15750885009766 1.8896108865737915
171.4489541053772 1.5694384574890137
182.97373390197754 1.2075674533843994
193.02066278457642 1.1854383945465088
202.72718214988708 1.009453535079956
212.76170253753662 0.9643067121505737
247.3292214870453 0.8232713937759399
258.82478642463684 0.8323713541030884
268.6601758003235 0.8909428119659424
278.6848063468933 0.743563175201416
288.7248375415802 0.6764517426490784
323.7620930671692 0.7310742139816284
335.4316716194153 0.590043306350708
345.36687326431274 0.6703248620033264
355.4357159137726 0.6982482671737671
365.766813993454 0.6746881604194641
401.1118357181549 0.5979143381118774
412.73177099227905 0.6748741865158081
422.8850405216217 0.6558756828308105
432.9623382091522 0.5779032707214355
443.5956497192383 0.5568758845329285
479.04199409484863 0.6722970604896545
490.71377658843994 0.5770395994186401
500.5599699020386 0.6370720267295837
510.31794929504395 0.5477468967437744
520.9249641895294 0.5797778367996216
556.7641816139221 0.5468165874481201
568.7067577838898 0.6044266223907471
578.6346247196198 0.5930995941162109
588.7948136329651 0.5760700702667236
599.1838150024414 0.5827297568321228
633.9544713497162 0.6597704291343689
645.5638256072998 0.6236472129821777
655.695139169693 0.5401800274848938
665.9168152809143 0.5603815317153931
676.5179076194763 0.5622774362564087
712.2443399429321 0.532517671585083
723.8349392414093 0.4181162118911743
733.6816868782043 0.41382458806037903
743.816769361496 0.35999172925949097
754.3304708003998 0.34446239471435547
789.5770771503448 0.339872807264328
801.0803065299988 0.3662053346633911
810.916139125824 0.3201538026332855
820.8589131832123 0.35973840951919556
831.1406071186066 0.31692132353782654
866.675535440445 0.28282856941223145
878.3466095924377 0.27340373396873474
888.3744149208069 0.2735429108142853
898.6753218173981 0.2642652690410614
909.1025543212891 0.26472851634025574
944.8082394599915 0.2522745728492737
956.3423407077789 0.23959554731845856
966.4306743144989 0.26310068368911743
976.5107841491699 0.2510504424571991
987.0284314155579 0.227663055062294
1021.4816560745239 0.20693528652191162
1033.0531477928162 0.21660113334655762
1042.948322057724 0.23551510274410248
1053.0235114097595 0.2137100249528885
1063.597324848175 0.1937362402677536
1099.7694344520569 0.1930375099182129
1111.712709903717 0.19075223803520203
1121.8339140415192 0.1846325695514679
1132.0458569526672 0.1860257089138031
1142.7192463874817 0.19225136935710907
1178.484354019165 0.18700093030929565
1190.2476716041565 0.18433046340942383
1200.1525526046753 0.1778871715068817
1210.2060341835022 0.19066382944583893
1220.5440382957458 0.1827288269996643
1255.9801359176636 0.17713415622711182
1267.3844969272614 0.18017630279064178
1277.23481798172 0.18325433135032654
1287.2355659008026 0.177355095744133
1297.6570582389832 0.17613902688026428
1333.1813328266144 0.18394407629966736
1344.9490625858307 0.17148159444332123
1355.0676214694977 0.1771196722984314
1365.404019355774 0.17750059068202972
1375.9742803573608 0.1783016324043274
1409.420168876648 0.17105735838413239
