18.673343896865845 0.078125
30.364129543304443 0.080078125
40.37117385864258 0.0885416641831398
50.21482825279236 0.09375
60.32689571380615 0.09296874701976776
95.32080888748169 0.1484375
107.19841504096985 0.1875
117.22764182090759 0.2421875
126.89608669281006 0.2890625
137.15750885009766 0.3359375
171.4489541053772 0.57421875
182.97373390197754 0.64453125
193.02066278457642 0.6575520634651184
202.72718214988708 0.6826171875
212.76170253753662 0.7046874761581421
247.3292214870453 0.78125
258.82478642463684 0.796875
268.6601758003235 0.7994791865348816
278.6848063468933 0.802734375
288.7248375415802 0.813281238079071
323.7620930671692 0.83203125
335.4316716194153 0.86328125
345.36687326431274 0.8645833134651184
355.4357159137726 0.85546875
365.766813993454 0.85546875
401.1118357181549 0.87890625
412.73177099227905 0.87890625
422.8850405216217 0.8776041865348816
432.9623382091522 0.888671875
443.5956497192383 0.8929687738418579
479.04199409484863 0.86328125
490.71377658843994 0.876953125
500.5599699020386 0.8723958134651184
510.31794929504395 0.87890625
520.9249641895294 0.879687488079071
556.7641816139221 0.9140625
568.7067577838898 0.89453125
578.6346247196198 0.890625
588.7948136329651 0.8876953125
599.1838150024414 0.8929687738418579
633.9544713497162 0.875
645.5638256072998 0.88671875
655.695139169693 0.8971354365348816
665.9168152809143 0.8984375
676.5179076194763 0.8999999761581421
712.2443399429321 0.91796875
723.8349392414093 0.943359375
733.6816868782043 0.9466145634651184
743.816769361496 0.9521484375
754.3304708003998 0.956250011920929
789.5770771503448 0.9765625
801.0803065299988 0.966796875
810.916139125824 0.9674479365348816
820.8589131832123 0.9638671875
831.1406071186066 0.96484375
866.675535440445 0.98046875
878.3466095924377 0.98046875
888.3744149208069 0.98046875
898.6753218173981 0.982421875
909.1025543212891 0.9828125238418579
944.8082394599915 0.9921875
956.3423407077789 0.986328125
966.4306743144989 0.9830729365348816
976.5107841491699 0.9814453125
987.0284314155579 0.981249988079071
1021.4816560745239 1.0
1033.0531477928162 0.994140625
1042.948322057724 0.9908854365348816
1053.0235114097595 0.9912109375
1063.597324848175 0.9921875
1099.7694344520569 0.99609375
1111.712709903717 0.998046875
1121.8339140415192 0.9986979365348816
1132.0458569526672 0.998046875
1142.7192463874817 0.9976562261581421
1178.484354019165 1.0
1190.2476716041565 1.0
1200.1525526046753 1.0
1210.2060341835022 1.0
1220.5440382957458 0.999218761920929
1255.9801359176636 1.0
1267.3844969272614 1.0
1277.23481798172 0.9986979365348816
1287.2355659008026 0.998046875
1297.6570582389832 0.9984375238418579
1333.1813328266144 0.9921875
1344.9490625858307 0.99609375
1355.0676214694977 0.99609375
1365.404019355774 0.9970703125
1375.9742803573608 0.996874988079071
1409.420168876648 1.0
