11.925055742263794 0.076171875
31.479584217071533 0.10546875
48.205156326293945 0.1471354216337204
76.60415744781494 0.216796875
95.99972987174988 0.2431640625
112.64519762992859 0.2884114682674408
142.04738306999207 0.390625
161.2443130016327 0.4755859375
179.64449048042297 0.5325520634651184
208.85384273529053 0.654296875
228.3930263519287 0.6826171875
247.26268815994263 0.7018229365348816
277.17396545410156 0.701171875
296.9002847671509 0.740234375
315.46103143692017 0.755859375
344.90789771080017 0.7734375
364.4442732334137 0.794921875
383.1633052825928 0.8046875
413.2475414276123 0.787109375
432.9733374118805 0.814453125
451.39570927619934 0.8294270634651184
481.58250427246094 0.8125
500.95689725875854 0.8427734375
519.1708807945251 0.8450520634651184
548.6268637180328 0.837890625
568.0590422153473 0.8486328125
586.3240821361542 0.8600260615348816
616.2877223491669 0.845703125
636.0111293792725 0.8642578125
654.6603939533234 0.8776041865348816
685.6702563762665 0.8828125
705.1629736423492 0.890625
723.5004346370697 0.9049479365348816
752.6208634376526 0.88671875
772.0858945846558 0.9013671875
790.4737756252289 0.9134114384651184
820.9536008834839 0.890625
840.3795609474182 0.9033203125
858.8677406311035 0.9134114384651184
888.696117401123 0.88671875
907.9453976154327 0.904296875
926.6668360233307 0.91015625
956.4126634597778 0.892578125
975.979658126831 0.900390625
994.5042059421539 0.9127604365348816
1024.9930379390717 0.94140625
1044.3633239269257 0.9404296875
1063.156320810318 0.94140625
1092.7663249969482 0.91796875
1112.3967032432556 0.9287109375
1130.9963245391846 0.939453125
1161.7676782608032 0.92578125
1181.3542838096619 0.9326171875
1199.9520137310028 0.935546875
1230.1025233268738 0.9296875
1249.7449643611908 0.9248046875
1268.8368430137634 0.9322916865348816
1298.3184292316437 0.904296875
1317.4568936824799 0.9306640625
1336.284471988678 0.9361979365348816
1366.8093478679657 0.9375
1386.1583967208862 0.9365234375
1404.6510000228882 0.9375
