11.981274604797363 4.248080730438232
31.6451735496521 8.344701766967773
48.535823345184326 7.129150867462158
77.38656711578369 6.706079006195068
97.38399410247803 5.908364295959473
116.10049867630005 5.146860122680664
146.59861016273499 4.825216770172119
165.8290889263153 4.173315048217773
184.38162446022034 3.6895546913146973
214.78011393547058 3.467587947845459
233.93135356903076 2.983185291290283
252.4282341003418 2.613276720046997
282.2658393383026 2.492826461791992
301.88119888305664 2.1405467987060547
318.66096544265747 1.9150937795639038
347.6130042076111 1.7747938632965088
367.1378664970398 1.6381616592407227
385.6404504776001 1.38716721534729
416.02349519729614 1.3832886219024658
435.9535779953003 1.2212213277816772
452.46028566360474 1.082765817642212
481.8993082046509 1.0971938371658325
501.38330698013306 0.9646484851837158
519.8524129390717 0.8616153597831726
549.391196012497 0.8444970846176147
569.347202539444 0.8152819871902466
587.9185709953308 0.7258856892585754
617.8772125244141 0.7751703858375549
637.4408478736877 0.6806105375289917
656.189368724823 0.59730064868927
686.7861506938934 0.6432852745056152
706.6463322639465 0.6221877336502075
725.6331977844238 0.5089946389198303
755.5101408958435 0.5709452629089355
774.7917277812958 0.5202538967132568
793.4651668071747 0.4731500744819641
823.9683487415314 0.5044980645179749
843.9508509635925 0.49795132875442505
862.737340927124 0.4437241852283478
892.760871887207 0.4779497981071472
912.377349615097 0.46223756670951843
930.9314739704132 0.40143728256225586
961.1777815818787 0.4204581379890442
980.7392857074738 0.4002106189727783
999.3096070289612 0.39639103412628174
1029.5305695533752 0.43123310804367065
1048.9145126342773 0.4231508672237396
1067.7232370376587 0.40453165769577026
1097.2760727405548 0.43674808740615845
1116.215856552124 0.4230210781097412
1133.1608645915985 0.3673757016658783
1162.9658818244934 0.3699602484703064
1182.8138122558594 0.40545979142189026
1201.54030418396 0.38363903760910034
1231.2343678474426 0.40571287274360657
1251.0532441139221 0.4114428758621216
1270.1831164360046 0.3571516275405884
1300.4365582466125 0.4020867347717285
1320.25373005867 0.38418835401535034
1338.8780932426453 0.35126814246177673
1369.4286785125732 0.3552126884460449
1388.9300191402435 0.3706861734390259
1407.43670129776 0.3407345712184906
1437.7659339904785 0.3799382448196411
1457.6348359584808 0.3780072033405304
1476.32701420784 0.3547009229660034
1505.9462904930115 0.403472363948822
1525.5064446926117 0.34862977266311646
1543.9432697296143 0.35941746830940247
1574.752164363861 0.378598690032959
1594.36221408844 0.3696899712085724
1613.1820137500763 0.32795172929763794
1643.3908042907715 0.35550183057785034
1663.0878419876099 0.3018873929977417
1681.8091065883636 0.3387722373008728
1711.5816006660461 0.34089356660842896
1731.0967032909393 0.3211115002632141
1749.5107929706573 0.3193511664867401
1779.4845097064972 0.3203186094760895
1799.2383337020874 0.33058395981788635
1817.751511335373 0.34569859504699707
1848.3591721057892 0.3469897210597992
1868.1372699737549 0.3428787291049957
1886.63601064682 0.3601595163345337
1916.4744782447815 0.3640083968639374
1935.978259086609 0.33004122972488403
1954.7972648143768 0.30282899737358093
1985.0959494113922 0.354274183511734
2005.1795082092285 0.3365720510482788
2023.8770868778229 0.29490041732788086
