14.162947654724121 4.169886589050293
20.367830991744995 2.4371142387390137
24.977639198303223 2.344204902648926
29.602964878082275 2.0075483322143555
51.500407457351685 2.240872621536255
57.62128734588623 1.8613795042037964
62.16093611717224 1.8121930360794067
66.7287449836731 1.5529247522354126
88.54455518722534 1.7223329544067383
94.62653493881226 1.5304956436157227
99.17592906951904 1.309730052947998
103.72165417671204 1.745653748512268
125.71910262107849 1.2558672428131104
131.93012261390686 1.5959720611572266
136.4824821949005 1.1320581436157227
141.05124044418335 1.2440564632415771
163.47610712051392 1.2876092195510864
169.57209014892578 1.1886099576950073
174.11484050750732 0.8383665680885315
178.66403198242188 0.9952104091644287
201.11405611038208 0.7586249113082886
207.50802898406982 1.3847736120224
212.05300164222717 0.8766052722930908
216.59471440315247 0.9819768667221069
238.75438523292542 1.1640281677246094
244.84884214401245 1.0964163541793823
249.4386260509491 0.8015704154968262
254.00409054756165 1.0735267400741577
276.05512738227844 0.9865581393241882
282.242787361145 0.8361567258834839
286.80053186416626 0.9612515568733215
291.3645713329315 0.8016723394393921
313.5810260772705 0.7022002935409546
319.81372594833374 0.7372617125511169
324.3874933719635 0.6526575088500977
328.9456570148468 0.8534790277481079
351.66507959365845 0.7359272241592407
357.8353843688965 0.6740435361862183
362.46179580688477 0.6512986421585083
367.02877831459045 0.5656136870384216
396.68748354911804 0.6736582517623901
402.87540435791016 0.8511847257614136
407.4386246204376 0.5529170036315918
412.0084898471832 0.8164318799972534
434.42220091819763 0.7323801517486572
440.56941628456116 0.7421097755432129
445.1005916595459 0.8350009918212891
449.65682339668274 0.8111318349838257
472.366984128952 0.616319477558136
478.52118015289307 0.7253340482711792
483.09549951553345 0.8960720300674438
487.6120114326477 0.6365815997123718
510.53840684890747 0.7271367907524109
516.6662738323212 0.6838406920433044
521.2452983856201 0.4244149327278137
525.8289358615875 0.7080038785934448
548.622805595398 0.5364108085632324
554.697760105133 0.6436588168144226
559.2958912849426 0.7641482353210449
563.8854739665985 0.7849787473678589
586.15021276474 0.6804444193840027
592.2942478656769 0.7213687896728516
596.8078365325928 0.6960042715072632
601.3589224815369 0.4925510883331299
623.8442018032074 0.9763234853744507
629.9929087162018 0.7568608522415161
634.5391569137573 0.6093823909759521
639.0806953907013 0.6188274621963501
661.67058801651 0.7075598239898682
667.901317358017 0.8391764163970947
672.4990389347076 0.6976601481437683
677.0485265254974 1.048667550086975
699.1809206008911 0.6573779582977295
705.374472618103 0.45509037375450134
709.9343638420105 0.6436707377433777
714.5303683280945 0.7597126960754395
736.8455541133881 0.708794116973877
743.1613352298737 0.389946848154068
747.7352015972137 0.5260965824127197
752.2425906658173 1.2339394092559814
781.5334577560425 0.6221857666969299
787.6272943019867 0.5488047003746033
792.1834211349487 0.6244944334030151
796.7045273780823 1.1343185901641846
819.1980059146881 0.5277777910232544
825.3008522987366 0.6295203566551208
829.8655972480774 0.6060408353805542
834.4215211868286 0.7768272161483765
856.5657885074615 0.43654459714889526
862.6607084274292 0.6279829144477844
867.2501268386841 0.595248281955719
871.7877504825592 0.6162437200546265
894.2313547134399 0.5682610273361206
900.3824565410614 0.728811502456665
904.9539811611176 0.7055155038833618
909.5420272350311 0.5239957571029663
932.1531784534454 0.7891805768013
938.26384973526 0.4101274609565735
942.7697365283966 0.6064164638519287
947.3333578109741 0.5488675832748413
969.7570383548737 0.5754991769790649
975.8392221927643 0.5187642574310303
980.3561277389526 0.8563272953033447
984.8750190734863 0.41529959440231323
1007.3987383842468 0.5167678594589233
1013.5509250164032 0.6351507902145386
1018.1264886856079 0.485771507024765
1022.6500835418701 0.6756755113601685
1045.4166054725647 0.5788107514381409
1051.58234333992 0.4654565155506134
1056.1501133441925 0.5730433464050293
1060.7529518604279 0.8721338510513306
1083.0930106639862 0.6499446034431458
1089.288167476654 0.6698106527328491
1093.821207523346 0.7047795653343201
1098.3875846862793 0.9240308403968811
1120.8867723941803 0.8300154209136963
1127.1333682537079 0.7532507181167603
1131.7087740898132 0.7207627296447754
1136.2986652851105 0.6557466983795166
1165.436278104782 0.5416066646575928
1171.6320774555206 0.47462359070777893
1176.2576699256897 0.6200054883956909
1180.77694106102 0.6778494119644165
1202.40265750885 0.8178427815437317
1208.5870292186737 0.5825198888778687
1213.114468574524 0.608318030834198
1217.6455483436584 0.5277552008628845
1239.792735338211 0.6454693078994751
1245.8959939479828 0.5069288015365601
1250.4733464717865 0.4850922226905823
1255.0115497112274 0.9195019006729126
1277.6863267421722 0.7097401022911072
1283.8393890857697 0.5349438190460205
1288.4053897857666 0.7323389053344727
1293.002610206604 0.6992841362953186
1315.4330651760101 0.5561345815658569
1321.592407464981 0.7129912376403809
1326.165428161621 0.6697509288787842
1330.6938116550446 0.5241011381149292
1352.8988466262817 0.7138209939002991
1359.0414576530457 0.5241334438323975
1363.5860848426819 0.38521429896354675
1368.1320023536682 0.5191642642021179
1391.1720924377441 0.6478333473205566
1397.2886786460876 0.5257970094680786
1401.8154678344727 0.6235268115997314
1406.4030919075012 0.7061642408370972
1428.499340057373 0.574104368686676
1434.7088763713837 0.6054590940475464
1439.3223702907562 0.4585908353328705
1443.8920090198517 1.0075502395629883
1465.8084242343903 0.41034576296806335
1471.9582369327545 0.49605679512023926
1476.4597425460815 0.7711490392684937
1481.020753145218 0.5468654632568359
1503.4436056613922 0.42096301913261414
1509.5739467144012 0.6030341386795044
1514.119675397873 0.872438907623291
1518.6986961364746 0.5983599424362183
1546.6029980182648 0.45387962460517883
1552.763732433319 0.6620906591415405
1557.3152091503143 0.4382263123989105
1561.8660864830017 0.5827689170837402
1583.9271502494812 0.7180075645446777
1590.086391210556 0.8747456073760986
1594.6522436141968 0.4332653880119324
1599.2375886440277 0.38136589527130127
1621.6934912204742 0.44094425439834595
1627.850961446762 0.640792965888977
1632.3921740055084 0.6740187406539917
1636.9174296855927 0.49766677618026733
1659.0190608501434 0.6607469320297241
1665.1371836662292 0.6819089651107788
1669.7119183540344 0.7994281053543091
1674.2793443202972 0.5336105823516846
1696.373651266098 0.5704091787338257
1702.5390112400055 0.866787314414978
1707.0819628238678 0.48420450091362
1711.5796089172363 0.6386691927909851
1733.8648087978363 0.46302127838134766
1740.030128955841 0.5454834699630737
1744.6162014007568 0.5615056753158569
1749.2039012908936 0.7930310964584351
1771.1964991092682 0.48776280879974365
1777.2842829227448 0.58695387840271
1781.8133389949799 0.679984450340271
1786.3616995811462 0.8417390584945679
1808.043987751007 0.44892174005508423
1814.1704607009888 0.4288029074668884
1818.7032270431519 0.6748889088630676
1823.2677228450775 0.41279077529907227
1845.8101229667664 0.4545723497867584
1852.0399646759033 0.5176620483398438
1856.5929262638092 0.4082263112068176
1861.1318192481995 0.5826249718666077
1883.1575343608856 0.7156853675842285
1889.2804436683655 0.7721383571624756
1893.858941078186 0.47940313816070557
1898.39794754982 0.8365118503570557
1926.9457821846008 0.5489452481269836
1933.0789620876312 0.7772015333175659
1937.5931322574615 0.4516012966632843
1942.1528615951538 0.5037014484405518
1964.4544031620026 0.5065644383430481
1970.6110274791718 0.5923526287078857
1975.1888041496277 0.46068307757377625
1979.763417482376 0.5480643510818481
2001.8667645454407 0.8444857597351074
2008.3196647167206 0.5454516410827637
2012.847683429718 0.4820999801158905
2017.3432219028473 0.5985969305038452
2039.7450459003448 0.5712263584136963
2045.8426883220673 0.4525144696235657
2050.41868185997 0.5901047587394714
2054.946224927902 0.5909757614135742
2077.9182732105255 0.4478115141391754
2084.0260660648346 0.8054102659225464
2088.5626542568207 0.6586648225784302
2093.099503517151 0.5582064390182495
2115.6385004520416 0.511735200881958
2121.807948589325 0.623371958732605
2126.338578224182 0.542895495891571
2130.9052171707153 0.45329535007476807
2153.6038715839386 0.5075638890266418
2159.787796497345 0.47578585147857666
2164.3294699192047 0.4996788799762726
2168.867643594742 0.6746236085891724
2191.643139362335 0.3772479295730591
2197.8410260677338 0.5967251658439636
2202.3876736164093 0.7819882035255432
2206.94185423851 0.6046764850616455
2228.8631064891815 0.5853978395462036
2234.963381052017 0.4884302616119385
2239.522871494293 0.7412867546081543
2244.0958971977234 0.6054540872573853
2266.1193239688873 0.3980579674243927
2272.3498713970184 0.38758447766304016
2276.9147288799286 0.5889425873756409
2281.4794375896454 0.6095840930938721
2310.63219666481 0.8367586731910706
2316.779998779297 0.4177800118923187
2321.327766895294 0.4775317907333374
2325.863951444626 0.680539608001709
2348.1943242549896 0.534098744392395
2354.3835225105286 0.7635501623153687
2358.9318475723267 0.7294919490814209
2363.4884753227234 0.845015823841095
2385.0634694099426 0.6422890424728394
2391.132617712021 0.36564087867736816
2395.6390402317047 0.37837255001068115
2400.135986328125 0.8628062009811401
2422.286054134369 0.6201444268226624
2428.4678564071655 0.5726277828216553
2433.0781185626984 0.7498451471328735
2437.6352837085724 0.44463491439819336
2460.417657136917 0.46450626850128174
2466.5696568489075 0.6330146193504333
2471.1144983768463 0.5099058747291565
2475.676344394684 0.3954518437385559
2497.7707500457764 0.6827398538589478
2503.9637174606323 0.5420447587966919
2508.5224533081055 0.5256131887435913
2513.0381422042847 0.6346442699432373
2535.001713991165 0.8163039684295654
2541.218140602112 0.5686922073364258
2545.7983951568604 0.7464739084243774
2550.3711636066437 0.4970914423465729
2572.8612711429596 0.49610990285873413
2579.08345413208 0.6059771776199341
2583.6497509479523 0.6553893685340881
2588.216236591339 0.42254263162612915
2610.361259460449 0.598753809928894
2616.4958839416504 0.5046453475952148
2621.0921766757965 0.7293951511383057
2625.5853192806244 0.5242862701416016
2647.0922079086304 0.6670178174972534
2653.33939743042 0.5261523723602295
2657.868132829666 0.5020788311958313
2662.426163673401 0.4993562698364258
2690.4702417850494 0.6975400447845459
2696.7039489746094 0.6043901443481445
2701.261313199997 0.5766097903251648
2705.817666530609 0.5533196926116943
2727.9008243083954 0.38178926706314087
2733.952035665512 0.49137067794799805
2738.499761581421 0.44680055975914
2743.0320332050323 0.6394659876823425
2765.4745156764984 0.48801344633102417
2771.645473718643 0.6408002972602844
2776.1782467365265 0.6788188219070435
2780.7291872501373 0.5608477592468262
2802.7021100521088 0.5117843151092529
2808.7684750556946 0.6418569087982178
2813.3590817451477 0.5650954246520996
2817.9693863391876 0.6856509447097778
2840.55574798584 0.621168851852417
2846.7618856430054 0.5090275406837463
2851.3032596111298 0.42154765129089355
2855.872787475586 0.4368131160736084
2877.942577600479 0.5626119375228882
2884.213074207306 0.5177929997444153
2888.806200027466 0.5903733968734741
2893.4072432518005 0.520124614238739
2915.117577314377 0.5072027444839478
2921.318068742752 0.5004453063011169
2925.915581226349 0.6453288793563843
2930.498279094696 0.753390371799469
2952.5828874111176 0.4355381727218628
2958.6895740032196 0.5483019948005676
2963.245150566101 0.7140223979949951
2967.763739347458 0.5302371382713318
2990.2678368091583 0.524121880531311
2996.3851597309113 0.6937249898910522
3000.9246344566345 0.527362585067749
3005.4341399669647 0.5798885822296143
3027.831311941147 0.5347669124603271
3034.0250623226166 0.473017156124115
3038.591325044632 0.5893293023109436
3043.174040079117 0.6674049496650696
3071.475072860718 0.5944198369979858
3077.7652757167816 0.567794680595398
3082.300849914551 0.5192849636077881
3086.8888850212097 0.6188877820968628
3109.3771073818207 0.39197298884391785
3115.5377044677734 0.43635639548301697
3120.1370775699615 0.8692183494567871
3124.7206988334656 0.6114668846130371
3147.5705246925354 0.46131986379623413
3153.6316747665405 0.5445737838745117
3158.231191635132 0.4932548403739929
3162.728189229965 0.6078420877456665
3184.3860476017 0.565306544303894
3190.4809126853943 0.45593035221099854
3195.0315701961517 0.530617356300354
3199.591120481491 0.570098876953125
3221.8653733730316 0.5259703397750854
3227.994810819626 0.49828827381134033
3232.5315907001495 0.6136669516563416
3237.0861790180206 0.47348594665527344
3259.698657989502 0.7232628464698792
3265.8344869613647 0.4438357353210449
3270.3176176548004 0.4735370874404907
3274.799290895462 0.9000777006149292
3297.0018513202667 0.5993391275405884
3303.196557044983 0.6706922054290771
3307.7298426628113 0.5762991309165955
3312.299113512039 0.42846375703811646
3334.1182351112366 0.4686475396156311
3340.2548480033875 0.6335288882255554
3344.7843029499054 0.6494318246841431
3349.3619775772095 0.6310847401618958
3371.9054429531097 0.7034162878990173
3378.068975687027 0.48202115297317505
3382.702684402466 0.46179303526878357
3387.2568094730377 0.4554733335971832
3409.5172185897827 0.6289650201797485
3415.6163790225983 0.3711732029914856
3420.176191329956 0.4559626877307892
3424.731101989746 1.0420324802398682
3453.1335072517395 0.585492730140686
3459.620584487915 0.41113078594207764
3482.0514686107635 0.43435394763946533
3488.433165550232 0.42484042048454285
3511.292363166809 0.3312550187110901
3517.6469762325287 0.37416931986808777
3540.9375813007355 0.3525416851043701
3547.326788187027 0.31981027126312256
3569.733013868332 0.39598292112350464
3576.1063158512115 0.346523642539978
3598.504652738571 0.3203192949295044
3604.9446206092834 0.3340461552143097
3628.1322934627533 0.3086252212524414
3634.502573490143 0.3006698787212372
3657.040857076645 0.3181549906730652
3663.3979778289795 0.33115044236183167
3685.6505398750305 0.34020745754241943
3692.072767019272 0.320068359375
3715.4229578971863 0.3067840039730072
3721.7958896160126 0.3400813937187195
3750.240974664688 0.30994904041290283
3756.5951313972473 0.35256290435791016
3779.066699028015 0.30125662684440613
3785.4266328811646 0.2831282615661621
3808.8884007930756 0.2927817106246948
3815.312327861786 0.3848779499530792
3837.942943572998 0.365303099155426
3844.370208263397 0.2818019390106201
3866.5472180843353 0.3251284956932068
3872.9861512184143 0.3005159795284271
3896.0064346790314 0.29193565249443054
3902.2980720996857 0.3016327917575836
3924.837846517563 0.3121471405029297
3931.22753238678 0.30443644523620605
3953.478126525879 0.3586413264274597
3959.8395216464996 0.36520642042160034
3982.583535194397 0.30479568243026733
3989.0288116931915 0.2881697118282318
4011.8561379909515 0.30798426270484924
4018.2381503582 0.2729552984237671
4046.709374189377 0.33879733085632324
4053.1198437213898 0.275341272354126
4076.2356894016266 0.26887428760528564
4082.6320192813873 0.2807885706424713
4105.136348724365 0.3263685405254364
4111.492375612259 0.3171047270298004
4134.238287687302 0.27456092834472656
4140.747534036636 0.26739048957824707
4163.800575017929 0.3265126943588257
4170.190445423126 0.2851985991001129
4192.529607534409 0.3455323874950409
4198.904443979263 0.29832255840301514
4222.210109233856 0.2788442373275757
4228.65257358551 0.26499003171920776
4251.183443307877 0.2559020519256592
4257.583478689194 0.28906744718551636
4279.377376794815 0.2589878737926483
4285.687421798706 0.2661816477775574
4308.59647154808 0.25485190749168396
4315.081170082092 0.312341570854187
4344.641113042831 0.26575174927711487
4351.089990615845 0.25433439016342163
4373.768217802048 0.2477092444896698
4380.124770402908 0.2554289996623993
4402.314445257187 0.2441655993461609
4408.681124687195 0.25675058364868164
4431.592287302017 0.2509792149066925
4438.00048327446 0.24711529910564423
4460.925877094269 0.24343301355838776
4467.369908809662 0.25727418065071106
4490.313539028168 0.2518501877784729
4496.763851881027 0.2451179325580597
4519.179939031601 0.2560679614543915
4525.545305967331 0.2591274380683899
4548.588700532913 0.23906618356704712
4554.999235391617 0.2384423315525055
4577.627163648605 0.2792869806289673
4584.233687400818 0.2559913694858551
4606.290163993835 0.2489907294511795
4612.6608102321625 0.23240886628627777
4641.428349733353 0.23375625908374786
4647.850968360901 0.24720141291618347
4670.572466373444 0.23278257250785828
4677.004906177521 0.24889908730983734
4700.050909519196 0.22970427572727203
4706.388367891312 0.22819019854068756
4728.891419410706 0.29851147532463074
4735.409614086151 0.2306872308254242
4758.441472053528 0.23057670891284943
4764.844126224518 0.24237197637557983
4787.524614810944 0.23937834799289703
4812.669142246246 0.22731943428516388
4838.882373571396 0.22248196601867676
4865.253280162811 0.2265845686197281
4890.874655485153 0.23374798893928528
4922.619269132614 0.2364586591720581
4949.11194729805 0.22706373035907745
4975.141030550003 0.22170454263687134
5000.579475879669 0.22777554392814636
5026.712083816528 0.235027015209198
5052.9344573020935 0.22218668460845947
5078.777155637741 0.21394281089305878
5104.295249462128 0.21381600201129913
5130.379681587219 0.2196086049079895
5156.095601558685 0.21224580705165863
5187.948765993118 0.2444564402103424
5213.337008237839 0.21862170100212097
5239.304047584534 0.20946724712848663
5265.634458065033 0.20914360880851746
5291.597231626511 0.20925870537757874
5317.101510763168 0.20835120975971222
5342.877374887466 0.22368620336055756
5368.671589612961 0.20584522187709808
5394.523734807968 0.20877580344676971
5420.496676206589 0.20582269132137299
5452.164355278015 0.20613841712474823
5478.107042789459 0.20390422642230988
5504.593254566193 0.20152419805526733
5530.599434137344 0.20110084116458893
5556.014311075211 0.20126086473464966
5582.228052139282 0.20917704701423645
5608.332463264465 0.1999700665473938
5633.993916749954 0.20314688980579376
5660.498300790787 0.20225508511066437
5686.289348363876 0.19930647313594818
5718.430745601654 0.20765523612499237
5744.428659915924 0.20445647835731506
5770.463632822037 0.19992606341838837
5796.280794620514 0.19413569569587708
5822.329496383667 0.19740690290927887
5848.031787633896 0.19286683201789856
5874.633006095886 0.19295787811279297
5900.421085834503 0.19261804223060608
5925.743890762329 0.19160231947898865
5951.360372304916 0.1902361661195755
5984.5989446640015 0.19058836996555328
6010.789689540863 0.18904481828212738
