14.162947654724121 0.03125
20.367830991744995 0.203125
24.977639198303223 0.25
29.602964878082275 0.3046875
51.500407457351685 0.40625
57.62128734588623 0.40625
62.16093611717224 0.4583333432674408
66.7287449836731 0.484375
88.54455518722534 0.53125
94.62653493881226 0.5625
99.17592906951904 0.5729166865348816
103.72165417671204 0.578125
125.71910262107849 0.75
131.93012261390686 0.671875
136.4824821949005 0.6979166865348816
141.05124044418335 0.7109375
163.47610712051392 0.6875
169.57209014892578 0.734375
174.11484050750732 0.7708333134651184
178.66403198242188 0.78125
201.11405611038208 0.875
207.50802898406982 0.71875
212.05300164222717 0.7395833134651184
216.59471440315247 0.7421875
238.75438523292542 0.75
244.84884214401245 0.71875
249.4386260509491 0.7604166865348816
254.00409054756165 0.734375
276.05512738227844 0.75
282.242787361145 0.78125
286.80053186416626 0.7708333134651184
291.3645713329315 0.78125
313.5810260772705 0.90625
319.81372594833374 0.890625
324.3874933719635 0.8645833134651184
328.9456570148468 0.84375
351.66507959365845 0.875
357.8353843688965 0.875
362.46179580688477 0.8645833134651184
367.02877831459045 0.875
396.68748354911804 0.875
402.87540435791016 0.875
407.4386246204376 0.8854166865348816
412.0084898471832 0.875
434.42220091819763 0.78125
440.56941628456116 0.8125
445.1005916595459 0.8229166865348816
449.65682339668274 0.8125
472.366984128952 0.875
478.52118015289307 0.828125
483.09549951553345 0.8125
487.6120114326477 0.8203125
510.53840684890747 0.84375
516.6662738323212 0.859375
521.2452983856201 0.8958333134651184
525.8289358615875 0.8828125
548.622805595398 0.90625
554.697760105133 0.84375
559.2958912849426 0.84375
563.8854739665985 0.8359375
586.15021276474 0.90625
592.2942478656769 0.859375
596.8078365325928 0.8645833134651184
601.3589224815369 0.875
623.8442018032074 0.75
629.9929087162018 0.78125
634.5391569137573 0.8020833134651184
639.0806953907013 0.828125
661.67058801651 0.84375
667.901317358017 0.84375
672.4990389347076 0.8333333134651184
677.0485265254974 0.796875
699.1809206008911 0.9375
705.374472618103 0.9375
709.9343638420105 0.90625
714.5303683280945 0.8984375
736.8455541133881 0.8125
743.1613352298737 0.875
747.7352015972137 0.875
752.2425906658173 0.828125
781.5334577560425 0.875
787.6272943019867 0.859375
792.1834211349487 0.8541666865348816
796.7045273780823 0.8515625
819.1980059146881 0.90625
825.3008522987366 0.921875
829.8655972480774 0.9166666865348816
834.4215211868286 0.8828125
856.5657885074615 0.96875
862.6607084274292 0.9375
867.2501268386841 0.90625
871.7877504825592 0.90625
894.2313547134399 0.90625
900.3824565410614 0.84375
904.9539811611176 0.8541666865348816
909.5420272350311 0.875
932.1531784534454 0.75
938.26384973526 0.84375
942.7697365283966 0.8541666865348816
947.3333578109741 0.8671875
969.7570383548737 0.875
975.8392221927643 0.90625
980.3561277389526 0.8541666865348816
984.8750190734863 0.8828125
1007.3987383842468 0.9375
1013.5509250164032 0.890625
1018.1264886856079 0.9166666865348816
1022.6500835418701 0.90625
1045.4166054725647 0.84375
1051.58234333992 0.890625
1056.1501133441925 0.8958333134651184
1060.7529518604279 0.859375
1083.0930106639862 0.875
1089.288167476654 0.859375
1093.821207523346 0.8854166865348816
1098.3875846862793 0.859375
1120.8867723941803 0.78125
1127.1333682537079 0.796875
1131.7087740898132 0.8020833134651184
1136.2986652851105 0.8203125
1165.436278104782 0.90625
1171.6320774555206 0.921875
1176.2576699256897 0.90625
1180.77694106102 0.890625
1202.40265750885 0.8125
1208.5870292186737 0.84375
1213.114468574524 0.84375
1217.6455483436584 0.859375
1239.792735338211 0.84375
1245.8959939479828 0.859375
1250.4733464717865 0.8958333134651184
1255.0115497112274 0.84375
1277.6863267421722 0.84375
1283.8393890857697 0.890625
1288.4053897857666 0.8854166865348816
1293.002610206604 0.8671875
1315.4330651760101 0.875
1321.592407464981 0.90625
1326.165428161621 0.9166666865348816
1330.6938116550446 0.9140625
1352.8988466262817 0.84375
1359.0414576530457 0.890625
1363.5860848426819 0.9166666865348816
1368.1320023536682 0.90625
1391.1720924377441 0.84375
1397.2886786460876 0.890625
1401.8154678344727 0.90625
1406.4030919075012 0.890625
1428.499340057373 0.875
1434.7088763713837 0.875
1439.3223702907562 0.8958333134651184
1443.8920090198517 0.875
1465.8084242343903 1.0
1471.9582369327545 0.96875
1476.4597425460815 0.9375
1481.020753145218 0.9296875
1503.4436056613922 0.96875
1509.5739467144012 0.90625
1514.119675397873 0.8541666865348816
1518.6986961364746 0.8515625
1546.6029980182648 0.96875
1552.763732433319 0.90625
1557.3152091503143 0.9270833134651184
1561.8660864830017 0.9375
1583.9271502494812 0.8125
1590.086391210556 0.796875
1594.6522436141968 0.8541666865348816
1599.2375886440277 0.8828125
1621.6934912204742 0.9375
1627.850961446762 0.921875
1632.3921740055084 0.90625
1636.9174296855927 0.9140625
1659.0190608501434 0.8125
1665.1371836662292 0.828125
1669.7119183540344 0.8125
1674.2793443202972 0.84375
1696.373651266098 0.90625
1702.5390112400055 0.859375
1707.0819628238678 0.8854166865348816
1711.5796089172363 0.8828125
1733.8648087978363 0.9375
1740.030128955841 0.921875
1744.6162014007568 0.9270833134651184
1749.2039012908936 0.890625
1771.1964991092682 0.9375
1777.2842829227448 0.921875
1781.8133389949799 0.8854166865348816
1786.3616995811462 0.8828125
1808.043987751007 0.96875
1814.1704607009888 0.96875
1818.7032270431519 0.9375
1823.2677228450775 0.9375
1845.8101229667664 0.9375
1852.0399646759033 0.921875
1856.5929262638092 0.9375
1861.1318192481995 0.9375
1883.1575343608856 0.875
1889.2804436683655 0.859375
1893.858941078186 0.8958333134651184
1898.39794754982 0.8828125
1926.9457821846008 0.90625
1933.0789620876312 0.875
1937.5931322574615 0.90625
1942.1528615951538 0.90625
1964.4544031620026 0.9375
1970.6110274791718 0.890625
1975.1888041496277 0.9166666865348816
1979.763417482376 0.9140625
2001.8667645454407 0.8125
2008.3196647167206 0.859375
2012.847683429718 0.875
2017.3432219028473 0.890625
2039.7450459003448 0.875
2045.8426883220673 0.921875
2050.41868185997 0.8854166865348816
2054.946224927902 0.8828125
2077.9182732105255 0.9375
2084.0260660648346 0.859375
2088.5626542568207 0.8541666865348816
2093.099503517151 0.875
2115.6385004520416 0.90625
2121.807948589325 0.90625
2126.338578224182 0.90625
2130.9052171707153 0.921875
2153.6038715839386 0.9375
2159.787796497345 0.9375
2164.3294699192047 0.9375
2168.867643594742 0.90625
2191.643139362335 1.0
2197.8410260677338 0.96875
2202.3876736164093 0.9270833134651184
2206.94185423851 0.90625
2228.8631064891815 0.90625
2234.963381052017 0.90625
2239.522871494293 0.8958333134651184
2244.0958971977234 0.8828125
2266.1193239688873 1.0
2272.3498713970184 1.0
2276.9147288799286 0.96875
2281.4794375896454 0.9375
2310.63219666481 0.84375
2316.779998779297 0.90625
2321.327766895294 0.9270833134651184
2325.863951444626 0.8984375
2348.1943242549896 0.9375
2354.3835225105286 0.90625
2358.9318475723267 0.9166666865348816
2363.4884753227234 0.8984375
2385.0634694099426 0.875
2391.132617712021 0.9375
2395.6390402317047 0.9583333134651184
2400.135986328125 0.9140625
2422.286054134369 0.875
2428.4678564071655 0.90625
2433.0781185626984 0.875
2437.6352837085724 0.8984375
2460.417657136917 0.96875
2466.5696568489075 0.921875
2471.1144983768463 0.9270833134651184
2475.676344394684 0.9375
2497.7707500457764 0.84375
2503.9637174606323 0.875
2508.5224533081055 0.8854166865348816
2513.0381422042847 0.8828125
2535.001713991165 0.875
2541.218140602112 0.875
2545.7983951568604 0.8645833134651184
2550.3711636066437 0.875
2572.8612711429596 0.90625
2579.08345413208 0.875
2583.6497509479523 0.875
2588.216236591339 0.8984375
2610.361259460449 0.875
2616.4958839416504 0.890625
2621.0921766757965 0.90625
2625.5853192806244 0.921875
2647.0922079086304 0.875
2653.33939743042 0.921875
2657.868132829666 0.9270833134651184
2662.426163673401 0.9296875
2690.4702417850494 0.8125
2696.7039489746094 0.859375
2701.261313199997 0.8854166865348816
2705.817666530609 0.890625
2727.9008243083954 1.0
2733.952035665512 0.96875
2738.499761581421 0.96875
2743.0320332050323 0.9375
2765.4745156764984 0.9375
2771.645473718643 0.953125
2776.1782467365265 0.9270833134651184
2780.7291872501373 0.9296875
2802.7021100521088 0.96875
2808.7684750556946 0.9375
2813.3590817451477 0.9479166865348816
2817.9693863391876 0.9453125
2840.55574798584 0.9375
2846.7618856430054 0.953125
2851.3032596111298 0.9583333134651184
2855.872787475586 0.9609375
2877.942577600479 0.875
2884.213074207306 0.90625
2888.806200027466 0.90625
2893.4072432518005 0.9140625
2915.117577314377 0.90625
2921.318068742752 0.921875
2925.915581226349 0.9166666865348816
2930.498279094696 0.8984375
2952.5828874111176 0.96875
2958.6895740032196 0.9375
2963.245150566101 0.9166666865348816
2967.763739347458 0.9140625
2990.2678368091583 0.9375
2996.3851597309113 0.90625
3000.9246344566345 0.90625
3005.4341399669647 0.8984375
3027.831311941147 0.9375
3034.0250623226166 0.9375
3038.591325044632 0.9166666865348816
3043.174040079117 0.9140625
3071.475072860718 0.875
3077.7652757167816 0.90625
3082.300849914551 0.9166666865348816
3086.8888850212097 0.9140625
3109.3771073818207 0.96875
3115.5377044677734 0.984375
3120.1370775699615 0.9375
3124.7206988334656 0.921875
3147.5705246925354 0.9375
3153.6316747665405 0.953125
3158.231191635132 0.9479166865348816
3162.728189229965 0.9375
3184.3860476017 0.875
3190.4809126853943 0.9375
3195.0315701961517 0.9375
3199.591120481491 0.9296875
3221.8653733730316 0.9375
3227.994810819626 0.953125
3232.5315907001495 0.9375
3237.0861790180206 0.9375
3259.698657989502 0.9375
3265.8344869613647 0.9375
3270.3176176548004 0.9479166865348816
3274.799290895462 0.921875
3297.0018513202667 0.90625
3303.196557044983 0.890625
3307.7298426628113 0.8854166865348816
3312.299113512039 0.9140625
3334.1182351112366 0.96875
3340.2548480033875 0.90625
3344.7843029499054 0.8854166865348816
3349.3619775772095 0.890625
3371.9054429531097 0.90625
3378.068975687027 0.9375
3382.702684402466 0.9479166865348816
3387.2568094730377 0.953125
3409.5172185897827 0.90625
3415.6163790225983 0.953125
3420.176191329956 0.9583333134651184
3424.731101989746 0.9140625
3453.1335072517395 0.921875
3459.620584487915 0.953125
3482.0514686107635 0.96875
3488.433165550232 0.96875
3511.292363166809 1.0
3517.6469762325287 0.9765625
3540.9375813007355 0.96875
3547.326788187027 0.984375
3569.733013868332 0.953125
3576.1063158512115 0.96875
3598.504652738571 1.0
3604.9446206092834 1.0
3628.1322934627533 1.0
3634.502573490143 1.0
3657.040857076645 1.0
3663.3979778289795 0.984375
3685.6505398750305 1.0
3692.072767019272 0.9921875
3715.4229578971863 1.0
3721.7958896160126 0.984375
3750.240974664688 0.984375
3756.5951313972473 0.9765625
3779.066699028015 1.0
3785.4266328811646 1.0
3808.8884007930756 1.0
3815.312327861786 0.96875
3837.942943572998 0.96875
3844.370208263397 0.984375
3866.5472180843353 0.984375
3872.9861512184143 0.984375
3896.0064346790314 1.0
3902.2980720996857 0.9921875
3924.837846517563 0.96875
3931.22753238678 0.9765625
3953.478126525879 0.984375
3959.8395216464996 0.9765625
3982.583535194397 0.984375
3989.0288116931915 0.9921875
4011.8561379909515 0.984375
4018.2381503582 0.9921875
4046.709374189377 0.96875
4053.1198437213898 0.984375
4076.2356894016266 1.0
4082.6320192813873 0.9921875
4105.136348724365 0.984375
4111.492375612259 0.9765625
4134.238287687302 1.0
4140.747534036636 1.0
4163.800575017929 0.984375
4170.190445423126 0.9921875
4192.529607534409 0.96875
4198.904443979263 0.9765625
4222.210109233856 1.0
4228.65257358551 1.0
4251.183443307877 1.0
4257.583478689194 0.9921875
4279.377376794815 1.0
4285.687421798706 1.0
4308.59647154808 1.0
4315.081170082092 0.9765625
4344.641113042831 1.0
4351.089990615845 1.0
4373.768217802048 1.0
4380.124770402908 1.0
4402.314445257187 1.0
4408.681124687195 1.0
4431.592287302017 1.0
4438.00048327446 1.0
4460.925877094269 1.0
4467.369908809662 1.0
4490.313539028168 1.0
4496.763851881027 1.0
4519.179939031601 0.984375
4525.545305967331 0.9921875
4548.588700532913 1.0
4554.999235391617 1.0
4577.627163648605 0.984375
4584.233687400818 0.984375
4606.290163993835 1.0
4612.6608102321625 1.0
4641.428349733353 1.0
4647.850968360901 0.9921875
4670.572466373444 1.0
4677.004906177521 0.9921875
4700.050909519196 1.0
4706.388367891312 1.0
4728.891419410706 0.984375
4735.409614086151 0.9921875
4758.441472053528 1.0
4764.844126224518 0.9921875
4787.524614810944 0.9921875
4812.669142246246 1.0
4838.882373571396 1.0
4865.253280162811 1.0
4890.874655485153 0.9921875
4922.619269132614 0.9921875
4949.11194729805 0.9921875
4975.141030550003 1.0
5000.579475879669 0.9921875
5026.712083816528 0.9921875
5052.9344573020935 1.0
5078.777155637741 1.0
5104.295249462128 1.0
5130.379681587219 1.0
5156.095601558685 1.0
5187.948765993118 0.9921875
5213.337008237839 1.0
5239.304047584534 1.0
5265.634458065033 1.0
5291.597231626511 1.0
5317.101510763168 1.0
5342.877374887466 0.9921875
5368.671589612961 1.0
5394.523734807968 1.0
5420.496676206589 1.0
5452.164355278015 1.0
5478.107042789459 1.0
5504.593254566193 1.0
5530.599434137344 1.0
5556.014311075211 1.0
5582.228052139282 1.0
5608.332463264465 1.0
5633.993916749954 1.0
5660.498300790787 1.0
5686.289348363876 1.0
5718.430745601654 0.9921875
5744.428659915924 1.0
5770.463632822037 1.0
5796.280794620514 1.0
5822.329496383667 1.0
5848.031787633896 1.0
5874.633006095886 1.0
5900.421085834503 1.0
5925.743890762329 1.0
5951.360372304916 1.0
5984.5989446640015 1.0
6010.789689540863 1.0
