14.466722965240479 4.826466083526611
20.82007098197937 5.36887264251709
25.511617422103882 5.1207499504089355
30.26042604446411 4.792979717254639
34.953537940979004 4.318431854248047
39.683159828186035 4.151339530944824
44.413129568099976 3.712895393371582
49.13692569732666 3.4491677284240723
53.82973790168762 3.335148572921753
58.512887716293335 3.2983455657958984
63.184523582458496 2.8078136444091797
67.85750246047974 2.975033760070801
72.49530076980591 2.5119686126708984
77.17453622817993 2.313957452774048
81.82272624969482 2.1311445236206055
86.4752631187439 1.9910564422607422
91.23766922950745 2.2444796562194824
95.84848642349243 1.965183973312378
100.52977132797241 1.7495367527008057
105.22176337242126 1.6503982543945312
129.63257098197937 1.498502492904663
136.02524137496948 1.536566972732544
140.82002210617065 1.5031204223632812
145.59882879257202 1.4852254390716553
150.42344093322754 1.3041431903839111
155.222101688385 1.1869040727615356
159.9916286468506 1.2119457721710205
164.71948385238647 1.2492246627807617
169.48663711547852 1.3314917087554932
174.25537967681885 1.097761869430542
178.99930834770203 1.1587977409362793
183.7166976928711 1.0835840702056885
188.38470339775085 1.0624735355377197
193.1156747341156 1.047898292541504
197.84264302253723 0.9036295413970947
202.50909280776978 0.7800649404525757
207.21279549598694 1.0705567598342896
211.91444182395935 1.1104133129119873
216.62770438194275 0.8137489557266235
221.2912449836731 0.8065698742866516
245.73132610321045 0.7183669805526733
252.1359579563141 0.8474384546279907
257.0184087753296 0.9070414304733276
261.8172187805176 0.8396685123443604
266.5481631755829 0.7925584316253662
271.31842255592346 0.7884063720703125
276.0440993309021 0.7964204549789429
280.80359172821045 0.824362576007843
285.5394334793091 1.0548124313354492
290.26828050613403 0.7840975522994995
295.0458505153656 0.827183723449707
299.79754090309143 0.6832623481750488
304.55119371414185 0.8491001129150391
309.33553743362427 0.8559668064117432
314.1557114124298 0.6008098125457764
318.95644760131836 0.6285058259963989
323.6713330745697 0.9330499172210693
328.41700768470764 0.7338300943374634
333.09899497032166 0.6198064088821411
337.8116180896759 0.7718127965927124
362.1229236125946 0.7074140310287476
368.61711955070496 0.7939062714576721
373.4342005252838 0.8662776350975037
378.2031376361847 0.8828150033950806
382.9717960357666 0.5730273723602295
387.6991424560547 0.7201297283172607
392.4274673461914 0.6584481000900269
397.13752245903015 0.7313722372055054
401.9524095058441 0.9343830347061157
406.68497467041016 0.6690831780433655
411.4347462654114 0.705269455909729
416.117844581604 0.6415174007415771
420.8519494533539 0.6882171630859375
425.5970969200134 0.7058055400848389
430.26225781440735 0.4803762137889862
434.97994327545166 0.5418341159820557
439.6842408180237 0.6512502431869507
444.35507345199585 0.8188633918762207
449.1015188694 0.5468323230743408
453.86713194847107 0.6648566722869873
478.2934136390686 0.609555184841156
484.7751579284668 0.7129048109054565
489.50545740127563 0.6378239393234253
494.26761531829834 0.6325008869171143
499.0163838863373 0.6472076177597046
503.7229619026184 0.674500584602356
508.48684334754944 0.5565207004547119
513.2237422466278 0.6039242744445801
517.9358084201813 0.9429804086685181
522.6384274959564 0.6928677558898926
527.3548119068146 0.6778630018234253
532.0752775669098 0.6074878573417664
536.7954797744751 0.6244927644729614
541.4836187362671 0.6963770389556885
546.240241765976 0.467056006193161
550.9769151210785 0.5501161813735962
555.666622877121 0.8297179937362671
560.365446805954 0.5459146499633789
565.1359639167786 0.5504087209701538
569.8521275520325 0.6399896144866943
593.8678307533264 0.5736480951309204
600.2703161239624 0.7535405158996582
605.1523804664612 0.8086623549461365
609.991626739502 0.7152315974235535
614.8124136924744 0.6125763654708862
619.5870978832245 0.5974690914154053
624.3379714488983 0.5931131839752197
629.1957547664642 0.6411528587341309
633.9754593372345 0.6982219219207764
638.7316229343414 0.618567168712616
643.5389816761017 0.7059412002563477
648.2749581336975 0.5982725620269775
653.0085287094116 0.538093090057373
657.7438971996307 0.705920934677124
662.5023005008698 0.4211161136627197
667.2366807460785 0.4838418960571289
672.0165092945099 0.7456953525543213
676.7418773174286 0.6917215585708618
681.4219319820404 0.5978022813796997
686.1790492534637 0.4973714351654053
710.896523475647 0.5525122880935669
717.3056328296661 0.6736348867416382
722.0214531421661 0.7732762098312378
726.7239060401917 0.7957231998443604
731.499046087265 0.636685848236084
736.244421005249 0.6533113718032837
740.9538698196411 0.526328980922699
745.6504850387573 0.5660103559494019
750.3328869342804 0.70256507396698
755.0254781246185 0.6861796379089355
759.7228722572327 0.8199359178543091
764.4166479110718 0.5611523389816284
769.0899589061737 0.6182646751403809
773.8476164340973 0.8479518890380859
778.5841825008392 0.4951975643634796
783.2950189113617 0.5484235882759094
788.0226080417633 0.5976327061653137
792.6867587566376 0.6320312023162842
797.380970954895 0.4632534682750702
802.0646607875824 0.47281110286712646
827.3624875545502 0.49636873602867126
833.8248035907745 0.6073706150054932
838.6979477405548 0.791074812412262
843.4330978393555 0.7150478959083557
848.2007467746735 0.47203198075294495
852.8998034000397 0.6637349724769592
857.6179075241089 0.6248959302902222
862.2398874759674 0.6073685884475708
866.8958003520966 0.6426329016685486
871.5877611637115 0.5488166213035583
876.2739362716675 0.6569332480430603
880.937421798706 0.5040627717971802
885.5696294307709 0.808871865272522
890.2569179534912 0.6161586046218872
894.9266293048859 0.4037155508995056
899.5896413326263 0.5272623896598816
904.3134875297546 0.6723641753196716
909.0420968532562 0.5992605090141296
913.7152285575867 0.41749024391174316
918.4217915534973 0.5384178161621094
942.6044528484344 0.5690799951553345
949.0532333850861 0.5369994640350342
953.8960983753204 0.6683965921401978
958.7134318351746 0.7137044668197632
963.5290143489838 0.4717784523963928
968.2868072986603 0.5868735313415527
973.0366458892822 0.4564513862133026
977.8498396873474 0.5753059387207031
982.6178069114685 0.7911207675933838
987.3602423667908 0.5984577536582947
992.0900235176086 0.6256267428398132
996.8499510288239 0.5123739242553711
1001.5435709953308 0.5468274354934692
1006.225005865097 0.6945475339889526
1010.9151074886322 0.43904316425323486
1015.6762883663177 0.49778199195861816
1020.3718667030334 0.6316972970962524
1025.0904502868652 0.601081371307373
1029.800859928131 0.5188885927200317
1034.499247789383 0.516953706741333
1059.8021924495697 0.6319815516471863
1068.0430560112 0.530046284198761
1074.5528752803802 0.437600314617157
1080.994375705719 0.4203823208808899
1087.516042470932 0.5232765078544617
1094.0323219299316 0.38958048820495605
1100.5820770263672 0.3624850809574127
1107.2770431041718 0.359908789396286
1113.9599680900574 0.37644410133361816
1120.6102333068848 0.3392348289489746
1147.9055285453796 0.31115981936454773
1156.175707578659 0.3602379560470581
1162.6618809700012 0.3369603455066681
1169.1818594932556 0.374265193939209
1175.6272008419037 0.42773568630218506
1182.1259846687317 0.33343029022216797
1188.703364610672 0.32265985012054443
1195.379343509674 0.36397606134414673
1202.0922317504883 0.37363719940185547
1208.8054180145264 0.30824822187423706
1236.0442056655884 0.3057518005371094
1244.2287311553955 0.3206055164337158
1250.6833307743073 0.3042808175086975
1257.1414878368378 0.330177903175354
1263.5557878017426 0.3430023789405823
1270.1873579025269 0.29969707131385803
1276.8375582695007 0.3274853825569153
1283.474460363388 0.28382614254951477
1290.1672222614288 0.3091486394405365
1296.7504003047943 0.28135913610458374
1324.2539649009705 0.31466472148895264
1332.3893415927887 0.3074460029602051
1338.8492321968079 0.2686398923397064
1345.3107624053955 0.2814701795578003
1351.827565908432 0.2904216945171356
1358.3601276874542 0.2704152464866638
1364.9041368961334 0.2537907361984253
1371.5207197666168 0.27032798528671265
1378.1895122528076 0.26543959975242615
1384.7871885299683 0.2544853389263153
1411.7870123386383 0.27720117568969727
1423.3624348640442 0.24420364201068878
1433.552253484726 0.27733445167541504
1444.0060987472534 0.26830118894577026
1454.2333319187164 0.26867732405662537
1485.9925537109375 0.23844720423221588
1497.4989213943481 0.23684698343276978
1507.3657610416412 0.2402821034193039
1517.4487857818604 0.24991506338119507
1527.789125919342 0.23552195727825165
1559.3102638721466 0.23829513788223267
1570.9041118621826 0.22917874157428741
1580.9261417388916 0.2316490113735199
1591.2189350128174 0.23067110776901245
1601.7951209545135 0.22742396593093872
1633.2710423469543 0.21874868869781494
1645.146896123886 0.21792225539684296
1655.2162191867828 0.23902052640914917
1665.6030473709106 0.21303072571754456
1675.9414830207825 0.21011537313461304
1707.912618637085 0.2121460735797882
1719.6623520851135 0.2127314656972885
1729.9176518917084 0.20984020829200745
1740.2881679534912 0.2051929086446762
1750.6987671852112 0.20528239011764526
1782.325511932373 0.20237846672534943
