14.466722965240479 0.03125
20.82007098197937 0.125
25.511617422103882 0.1354166716337204
30.26042604446411 0.16015625
34.953537940979004 0.1875
39.683159828186035 0.1901041716337204
44.413129568099976 0.2209821492433548
49.13692569732666 0.251953125
53.82973790168762 0.2690972089767456
58.512887716293335 0.28125
63.184523582458496 0.30397728085517883
67.85750246047974 0.3138020932674408
72.49530076980591 0.33774039149284363
77.17453622817993 0.3616071343421936
81.82272624969482 0.3791666626930237
86.4752631187439 0.396484375
91.23766922950745 0.40808823704719543
95.84848642349243 0.4201388955116272
100.52977132797241 0.4333881437778473
105.22176337242126 0.4453125
129.63257098197937 0.765625
136.02524137496948 0.7265625
140.82002210617065 0.7239583134651184
145.59882879257202 0.71484375
150.42344093322754 0.7250000238418579
155.222101688385 0.7395833134651184
159.9916286468506 0.7477678656578064
164.71948385238647 0.75
169.48663711547852 0.7465277910232544
174.25537967681885 0.7484375238418579
178.99930834770203 0.7514204382896423
183.7166976928711 0.7552083134651184
188.38470339775085 0.7536057829856873
193.1156747341156 0.7578125
197.84264302253723 0.7593749761581421
202.50909280776978 0.7666015625
207.21279549598694 0.7665441036224365
211.91444182395935 0.765625
216.62770438194275 0.7705591917037964
221.2912449836731 0.7749999761581421
245.73132610321045 0.90625
252.1359579563141 0.8515625
257.0184087753296 0.828125
261.8172187805176 0.82421875
266.5481631755829 0.824999988079071
271.31842255592346 0.828125
276.0440993309021 0.828125
280.80359172821045 0.828125
285.5394334793091 0.8211805820465088
290.26828050613403 0.8187500238418579
295.0458505153656 0.8196022510528564
299.79754090309143 0.82421875
304.55119371414185 0.823317289352417
309.33553743362427 0.8169642686843872
314.1557114124298 0.8197916746139526
318.95644760131836 0.822265625
323.6713330745697 0.8207720518112183
328.41700768470764 0.8177083134651184
333.09899497032166 0.8215460777282715
337.8116180896759 0.82421875
362.1229236125946 0.859375
368.61711955070496 0.84375
373.4342005252838 0.828125
378.2031376361847 0.8125
382.9717960357666 0.824999988079071
387.6991424560547 0.8255208134651184
392.4274673461914 0.8325892686843872
397.13752245903015 0.83203125
401.9524095058441 0.8263888955116272
406.68497467041016 0.831250011920929
411.4347462654114 0.8323863744735718
416.117844581604 0.8333333134651184
420.8519494533539 0.8341346383094788
425.5970969200134 0.8337053656578064
430.26225781440735 0.8395833373069763
434.97994327545166 0.841796875
439.6842408180237 0.845588207244873
444.35507345199585 0.84375
449.1015188694 0.8478618264198303
453.86713194847107 0.84765625
478.2934136390686 0.890625
484.7751579284668 0.875
489.50545740127563 0.8645833134651184
494.26761531829834 0.87109375
499.0163838863373 0.8687499761581421
503.7229619026184 0.8697916865348816
508.48684334754944 0.875
513.2237422466278 0.875
517.9358084201813 0.8645833134651184
522.6384274959564 0.8609374761581421
527.3548119068146 0.859375
532.0752775669098 0.86328125
536.7954797744751 0.8653846383094788
541.4836187362671 0.8638392686843872
546.240241765976 0.8697916865348816
550.9769151210785 0.873046875
555.666622877121 0.8676470518112183
560.365446805954 0.8715277910232544
565.1359639167786 0.8725329041481018
569.8521275520325 0.871874988079071
593.8678307533264 0.890625
600.2703161239624 0.8828125
605.1523804664612 0.875
609.991626739502 0.87109375
614.8124136924744 0.875
619.5870978832245 0.8776041865348816
624.3379714488983 0.8816964030265808
629.1957547664642 0.8828125
633.9754593372345 0.8819444179534912
638.7316229343414 0.8843749761581421
643.5389816761017 0.8821022510528564
648.2749581336975 0.8841145634651184
653.0085287094116 0.8870192170143127
657.7438971996307 0.8872767686843872
662.5023005008698 0.893750011920929
667.2366807460785 0.8955078125
672.0165092945099 0.892463207244873
676.7418773174286 0.8888888955116272
681.4219319820404 0.8889802694320679
686.1790492534637 0.8921874761581421
710.896523475647 0.921875
717.3056328296661 0.8828125
722.0214531421661 0.8645833134651184
726.7239060401917 0.84765625
731.499046087265 0.856249988079071
736.244421005249 0.8567708134651184
740.9538698196411 0.8638392686843872
745.6504850387573 0.873046875
750.3328869342804 0.8767361044883728
755.0254781246185 0.875
759.7228722572327 0.8664772510528564
764.4166479110718 0.8697916865348816
769.0899589061737 0.8713942170143127
773.8476164340973 0.8649553656578064
778.5841825008392 0.8677083253860474
783.2950189113617 0.869140625
788.0226080417633 0.8713235259056091
792.6867587566376 0.8706597089767456
797.380970954895 0.8758223652839661
802.0646607875824 0.8804687261581421
827.3624875545502 0.921875
833.8248035907745 0.90625
838.6979477405548 0.8958333134651184
843.4330978393555 0.8984375
848.2007467746735 0.9125000238418579
852.8998034000397 0.90625
857.6179075241089 0.90625
862.2398874759674 0.90234375
866.8958003520966 0.8975694179534912
871.5877611637115 0.8999999761581421
876.2739362716675 0.8977272510528564
880.937421798706 0.9010416865348816
885.5696294307709 0.8966346383094788
890.2569179534912 0.8950892686843872
894.9266293048859 0.9010416865348816
899.5896413326263 0.904296875
904.3134875297546 0.9034926295280457
909.0420968532562 0.9010416865348816
913.7152285575867 0.9054276347160339
918.4217915534973 0.90625
942.6044528484344 0.90625
949.0532333850861 0.921875
953.8960983753204 0.8958333134651184
958.7134318351746 0.8828125
963.5290143489838 0.8968750238418579
968.2868072986603 0.9010416865348816
973.0366458892822 0.90625
977.8498396873474 0.908203125
982.6178069114685 0.9045138955116272
987.3602423667908 0.90625
992.0900235176086 0.9034090638160706
996.8499510288239 0.9088541865348816
1001.5435709953308 0.90625
1006.225005865097 0.8995535969734192
1010.9151074886322 0.9052083492279053
1015.6762883663177 0.9072265625
1020.3718667030334 0.90625
1025.0904502868652 0.9071180820465088
1029.800859928131 0.9087170958518982
1034.499247789383 0.91015625
1059.8021924495697 0.90625
1068.0430560112 0.9140625
1074.5528752803802 0.9296875
1080.994375705719 0.939453125
1087.516042470932 0.9375
1094.0323219299316 0.94140625
1100.5820770263672 0.9464285969734192
1107.2770431041718 0.951171875
1113.9599680900574 0.9539930820465088
1120.6102333068848 0.957812488079071
1147.9055285453796 1.0
1156.175707578659 0.98046875
1162.6618809700012 0.9817708134651184
1169.1818594932556 0.98046875
1175.6272008419037 0.979687511920929
1182.1259846687317 0.98046875
1188.703364610672 0.9810267686843872
1195.379343509674 0.98046875
1202.0922317504883 0.9774305820465088
1208.8054180145264 0.9789062738418579
1236.0442056655884 0.9921875
1244.2287311553955 0.984375
1250.6833307743073 0.984375
1257.1414878368378 0.982421875
1263.5557878017426 0.979687511920929
1270.1873579025269 0.9817708134651184
1276.8375582695007 0.9821428656578064
1283.474460363388 0.982421875
1290.1672222614288 0.9826388955116272
1296.7504003047943 0.9828125238418579
1324.2539649009705 0.9765625
1332.3893415927887 0.97265625
1338.8492321968079 0.9817708134651184
1345.3107624053955 0.98046875
1351.827565908432 0.9828125238418579
1358.3601276874542 0.9830729365348816
1364.9041368961334 0.9854910969734192
1371.5207197666168 0.9853515625
1378.1895122528076 0.9861111044883728
1384.7871885299683 0.987500011920929
1411.7870123386383 0.984375
1423.3624348640442 0.990234375
1433.552253484726 0.9869791865348816
1444.0060987472534 0.986328125
1454.2333319187164 0.9867187738418579
1485.9925537109375 1.0
1497.4989213943481 1.0
1507.3657610416412 0.9986979365348816
1517.4487857818604 0.9970703125
1527.789125919342 0.99609375
1559.3102638721466 0.9921875
1570.9041118621826 0.994140625
1580.9261417388916 0.9947916865348816
1591.2189350128174 0.99609375
1601.7951209545135 0.99609375
1633.2710423469543 1.0
1645.146896123886 1.0
1655.2162191867828 0.9973958134651184
1665.6030473709106 0.998046875
1675.9414830207825 0.9984375238418579
1707.912618637085 1.0
1719.6623520851135 1.0
1729.9176518917084 1.0
1740.2881679534912 1.0
1750.6987671852112 1.0
1782.325511932373 1.0
