14.35920000076294 5.605062484741211
20.63871121406555 2.7374987602233887
25.228994131088257 2.6954469680786133
29.83003544807434 2.477405071258545
51.99469351768494 2.4021027088165283
58.162068128585815 2.2769570350646973
62.72647142410278 2.184114456176758
67.25102090835571 1.893165111541748
89.66529417037964 1.9848754405975342
95.80425667762756 1.712052583694458
100.37342190742493 1.6985498666763306
104.91980695724487 2.036074161529541
127.07241010665894 1.6108003854751587
133.32724475860596 1.5674408674240112
137.92719745635986 1.719495415687561
142.49315333366394 1.5942463874816895
165.42375683784485 1.3720402717590332
171.62388372421265 1.2173378467559814
176.2242386341095 1.1808969974517822
180.8265039920807 1.1603387594223022
203.6763415336609 1.3268225193023682
209.86160445213318 1.5213773250579834
214.44871377944946 1.196324348449707
219.03398966789246 1.4131677150726318
241.3696005344391 1.1303961277008057
247.50642848014832 1.4875797033309937
252.08575868606567 1.0688728094100952
256.62600898742676 0.9552431106567383
279.35870242118835 1.341356635093689
285.494943857193 0.8500831127166748
290.10884380340576 0.7395411133766174
294.6539466381073 0.8090157508850098
317.4009165763855 1.0586684942245483
323.5699303150177 0.9093859195709229
328.1401970386505 1.6301274299621582
332.7461531162262 0.7814284563064575
354.8790605068207 1.092104196548462
361.0883650779724 0.5829498171806335
365.6843409538269 0.8348783850669861
370.28498435020447 1.1338993310928345
399.94227743148804 1.0004478693008423
406.137065410614 0.6633530259132385
410.7018208503723 0.6721717715263367
415.3434519767761 0.5863937735557556
438.3322911262512 0.8199691772460938
444.4838695526123 0.9887284636497498
449.07270789146423 0.716989278793335
453.5964267253876 0.46014800667762756
476.7275741100311 0.7151626348495483
482.9569137096405 0.630861759185791
487.5305337905884 0.9479802846908569
492.08961248397827 0.7986714839935303
514.7223856449127 0.738142728805542
520.9519486427307 0.4975261688232422
525.542224407196 0.7915897369384766
530.1102089881897 1.1736371517181396
553.0493938922882 0.6766023635864258
559.2590374946594 1.1685278415679932
563.85049700737 0.5710505247116089
568.4169852733612 0.9228771328926086
590.5188548564911 0.7502750158309937
596.772382736206 0.5981185436248779
601.3281600475311 0.5865119695663452
605.8970894813538 0.7456973195075989
628.5944380760193 0.5906319618225098
634.8347270488739 0.5014960169792175
639.4194240570068 0.9609196186065674
643.972029209137 0.6135079860687256
666.926070690155 0.816189169883728
673.0417172908783 0.8230506777763367
677.5685753822327 0.7642322182655334
682.1919071674347 0.5299204587936401
704.6676456928253 0.6855547428131104
710.835461139679 0.5385199785232544
715.4252212047577 0.6485830545425415
720.0036754608154 0.5402456521987915
742.1377999782562 0.6053506135940552
748.2786321640015 0.6757386326789856
752.8617451190948 0.5025020837783813
757.4215121269226 1.0346839427947998
786.7689898014069 0.5713039636611938
792.9509236812592 0.5234388113021851
797.5467779636383 0.8016326427459717
802.1044850349426 0.5761485695838928
824.7124016284943 0.6422688364982605
830.9302315711975 0.46244317293167114
835.4753773212433 0.4952200651168823
840.0151698589325 0.7691332101821899
862.3987746238708 0.5126965045928955
868.5481007099152 0.8546258807182312
873.0459804534912 0.5464403629302979
877.6167440414429 0.824732780456543
900.1354854106903 0.5443935394287109
906.3435297012329 0.6668950915336609
910.9315338134766 0.6313419342041016
915.488772392273 0.6613731980323792
938.2170298099518 0.645632803440094
944.3438656330109 0.523078978061676
948.8697028160095 0.4325837194919586
953.4100015163422 0.712064802646637
975.9661028385162 0.7285792827606201
982.0958454608917 0.5941641330718994
986.648918390274 0.855452299118042
991.2658135890961 0.6164140701293945
1013.8977484703064 0.5802204608917236
1020.0928964614868 0.7514685392379761
1024.7080581188202 0.426360160112381
1029.3378791809082 0.5437731742858887
1051.9672853946686 0.7792782783508301
1058.1597945690155 0.4697491228580475
1062.736538887024 0.5564203262329102
1067.305356502533 0.6083741784095764
1089.9698519706726 0.9269880056381226
1096.0789468288422 0.5401757955551147
1100.6683280467987 0.6679485440254211
1105.2087953090668 0.8513569831848145
1127.6597971916199 0.827173113822937
1133.7943108081818 0.958861768245697
1138.359065771103 0.427390456199646
1142.925897359848 0.765774130821228
1172.266015291214 0.5203149318695068
1178.496012210846 0.5567913055419922
1183.0405766963959 0.5678147077560425
1187.6464202404022 0.5815985202789307
1209.5873885154724 0.5402768850326538
1215.7654631137848 0.6026778221130371
1220.3503699302673 0.5313760042190552
1224.9189426898956 0.6531312465667725
1247.4021136760712 0.7085535526275635
1253.5363726615906 0.8600890636444092
1258.1393206119537 0.7330842614173889
1262.744705438614 0.48404327034950256
1285.608417749405 0.8054952621459961
1291.7295064926147 0.5187532901763916
1296.353506565094 0.7013835906982422
1300.9470760822296 0.5478923916816711
1323.6042478084564 0.4279254674911499
1329.6495480537415 0.5064030885696411
1334.2034332752228 0.5632566213607788
1338.7864165306091 0.4790245294570923
1360.919631242752 0.5904413461685181
1367.0997965335846 0.5972787737846375
1371.6500570774078 0.5790467858314514
1376.2230370044708 0.7348730564117432
1399.1013157367706 0.6100175380706787
1405.312950372696 0.6505119800567627
1409.885052204132 0.6677692532539368
1414.4472908973694 0.5644456744194031
1436.6675424575806 0.7755076289176941
1442.7675931453705 0.8871130347251892
1447.3415303230286 0.5969593524932861
1451.9080209732056 0.6382213830947876
1474.0939364433289 0.519716203212738
1480.2465386390686 0.4783075749874115
1484.8143391609192 0.6669943332672119
1489.3759713172913 1.0019216537475586
1511.928219795227 0.6694203615188599
1518.2005157470703 0.6602925062179565
1522.813052892685 1.1506171226501465
1527.395762205124 0.6083998680114746
1555.6153061389923 0.5265396237373352
1561.7767403125763 1.0155149698257446
1566.3878183364868 0.4371679425239563
1570.9822103977203 0.5365825891494751
1593.3882522583008 0.6741096377372742
1599.553717136383 0.7576205134391785
1604.166516304016 0.6263904571533203
1608.7970962524414 0.44096919894218445
1631.7264885902405 0.6610313653945923
1637.8922500610352 0.4932275116443634
1642.4407901763916 0.5350983738899231
1646.9880273342133 0.4649372398853302
1669.2775876522064 0.4967356324195862
1675.4176201820374 0.5885860919952393
1680.0223684310913 0.5596021413803101
1684.5664472579956 0.6234745979309082
1706.660847902298 0.5103952884674072
1712.8031678199768 0.7814717292785645
1717.417639017105 0.47678786516189575
1721.9985873699188 0.6551841497421265
1744.7705926895142 0.5960502624511719
1750.9507403373718 0.6139104962348938
1755.516551733017 0.6442664861679077
1760.1124858856201 0.4358281195163727
1782.5012500286102 0.6024627089500427
1788.6992738246918 0.543319821357727
1793.2554104328156 0.5416029691696167
1797.831779241562 0.6551415920257568
1819.825436592102 0.7435868978500366
1825.920296907425 0.6828310489654541
1830.4705526828766 0.5859200954437256
1835.0731844902039 0.5044646859169006
1857.6429812908173 0.5328912734985352
1863.8670868873596 0.6851387023925781
1868.4581410884857 0.6618605256080627
1873.0379626750946 0.47219204902648926
1895.5006234645844 0.5505852699279785
1901.687749862671 0.6344233751296997
1906.247351884842 0.7185651063919067
1910.8574583530426 0.6313653588294983
1939.3459963798523 0.48493412137031555
1945.5121235847473 0.6592811942100525
1950.0973680019379 0.7542344331741333
1954.6414387226105 0.6422386169433594
1977.1954503059387 0.510283887386322
1983.3189597129822 0.7249010801315308
1987.908854007721 0.43901702761650085
1992.4751527309418 0.5506482124328613
2014.9098324775696 0.47896525263786316
2021.0942251682281 0.5415927767753601
2025.7350811958313 0.7206810116767883
2030.345587015152 0.5021822452545166
2052.9111499786377 0.5334680080413818
2059.058123111725 0.5475996732711792
2063.6307339668274 0.5199775099754333
2068.236597299576 0.7460551261901855
2091.122193336487 0.5271285176277161
2097.3758907318115 0.6264363527297974
2101.9550676345825 0.7450597286224365
2106.573434829712 0.4480712413787842
2128.835966348648 0.5152332782745361
2134.9879755973816 0.4244428873062134
2139.552333831787 0.5393576622009277
2144.1419246196747 0.6105583310127258
2167.2289962768555 0.5401444435119629
2173.419914007187 0.4834586977958679
2177.9628591537476 0.6552443504333496
2182.529368877411 0.7124749422073364
2205.2061908245087 0.5680606365203857
2211.3771884441376 0.6470186710357666
2215.928121328354 0.5623551607131958
2220.5185554027557 0.4177677035331726
2242.5061888694763 0.5971943140029907
2248.723363161087 0.5157691240310669
2253.3253474235535 0.83576500415802
2257.94477558136 0.46752315759658813
2280.5840289592743 0.8344206809997559
2286.7778327465057 0.6461544036865234
2291.3124334812164 0.6027016639709473
2295.888650894165 0.6514943838119507
2325.323122024536 0.5271886587142944
2331.47283577919 0.7213317155838013
2336.0209152698517 0.47786855697631836
2340.6329939365387 0.8262693285942078
2363.468611240387 0.4480372369289398
2369.635054588318 0.4128469228744507
2374.2527306079865 0.5239614248275757
2378.810923099518 0.6864886283874512
2401.04314661026 0.8404554128646851
2407.2092802524567 0.49114155769348145
2411.807596683502 0.4863283038139343
2416.357288122177 0.7321368455886841
2438.8075947761536 0.6058675050735474
2445.01828956604 0.6973832845687866
2449.584816932678 0.5562033653259277
2454.1684629917145 0.6259070634841919
2476.9961144924164 0.7193378210067749
2483.1754858493805 0.5911756753921509
2487.756553173065 0.7539355754852295
2492.2969720363617 0.5820257067680359
2514.88383102417 0.5054863691329956
2521.0495386123657 0.5840462446212769
2525.64307141304 0.8237518072128296
2530.1920993328094 0.5112121105194092
2552.397751569748 0.590070903301239
2558.605588912964 0.4211233854293823
2563.1600880622864 0.6482747793197632
2567.7546210289 0.680748701095581
2590.549380302429 0.6030625104904175
2596.8329145908356 0.6904363036155701
2601.4268016815186 0.6709918975830078
2606.029570579529 0.6073563098907471
2628.797887325287 0.3659268021583557
2635.0203256607056 0.6664433479309082
2639.598178625107 0.587539553642273
2644.1626715660095 0.6802312135696411
2666.335869550705 0.4588087201118469
2672.6886904239655 0.606808602809906
2677.219984292984 0.5265182256698608
2681.7762932777405 0.5197974443435669
2710.365231513977 0.5034863352775574
2716.517629623413 0.5056484937667847
2721.1269018650055 0.5647711753845215
2725.7456233501434 0.4989221692085266
2748.018815279007 0.876448929309845
2754.194155216217 0.6838409304618835
2758.7252140045166 0.3725889027118683
2763.27143907547 0.6365823745727539
2785.8713023662567 0.644627034664154
2792.022002696991 0.5495827198028564
2796.614891052246 0.5388198494911194
2801.219656229019 0.9406400918960571
2823.365046262741 0.5602877140045166
2829.8880729675293 0.711562991142273
2834.404627799988 0.5698452591896057
2838.961513519287 0.5138496160507202
2861.795782327652 0.46472591161727905
2867.9710969924927 0.5597720146179199
2872.532975912094 0.5250586867332458
2877.1163499355316 0.5895871520042419
2899.711580514908 0.6574965715408325
2905.9367156028748 0.4303213953971863
2910.602093935013 0.6313226222991943
2915.2815856933594 0.5936271548271179
2937.2124717235565 0.6969643831253052
2943.397809267044 0.5149984955787659
2948.0051271915436 0.6819367408752441
2952.613345861435 0.5788290500640869
2975.088636159897 0.5892808437347412
2981.5189316272736 0.43751415610313416
2986.0966539382935 0.4646724760532379
2990.656232357025 0.4899265766143799
3013.5688457489014 0.6763564348220825
3019.6895627975464 0.6953288316726685
3024.2474071979523 0.5039435625076294
3028.850193977356 0.5177687406539917
3051.579124212265 0.548831582069397
3057.7309205532074 0.4593676030635834
3062.3165884017944 0.6499781608581543
3066.8882653713226 0.5184600949287415
3095.5516476631165 0.7427351474761963
3101.717030286789 0.615688681602478
3106.3315052986145 0.5913420915603638
3110.946350336075 0.5828825235366821
3133.8047795295715 0.5487608909606934
3140.053968667984 0.4994865655899048
3144.702743291855 0.45153582096099854
3149.328715801239 0.7016396522521973
3171.9197866916656 0.5221769213676453
3178.09401512146 0.4925994277000427
3182.646117210388 0.49123263359069824
3187.2110002040863 0.6382033824920654
3209.1404304504395 0.4392780661582947
3215.2958459854126 0.5327198505401611
3219.8634350299835 0.5686838626861572
3224.4508140087128 0.661236584186554
3247.255622625351 0.46287307143211365
3253.338207960129 0.502097487449646
3257.958031654358 0.5186882615089417
3262.511167049408 0.5586004257202148
3285.4925084114075 0.6606054306030273
3291.675395011902 0.7154859304428101
3296.28724861145 0.4787060618400574
3300.8781077861786 0.6811329126358032
3323.142733812332 0.435727596282959
3329.3689143657684 0.5942665934562683
3333.9631972312927 0.6522977352142334
3338.537447452545 0.8774780035018921
3360.7798986434937 0.6135610342025757
3366.9690668582916 0.49763137102127075
3371.5348649024963 0.46196937561035156
3376.0613491535187 0.8082771301269531
3398.68847489357 0.6374488472938538
3404.8590297698975 0.4988670349121094
3409.4164323806763 0.47706156969070435
3414.0189888477325 0.7200442552566528
3436.2831523418427 0.5727204084396362
3442.4430549144745 0.6671807765960693
3446.9910662174225 0.6015981435775757
3451.5748863220215 0.433713436126709
3480.194785118103 0.6155890226364136
3486.3112168312073 0.5466075539588928
3490.921537876129 0.4972394108772278
3495.4585683345795 0.6871988773345947
3517.7751035690308 0.5376288890838623
3523.8745334148407 0.4268682599067688
3528.4495837688446 0.5880749821662903
3533.0171489715576 0.4659937620162964
3555.3775119781494 0.38111865520477295
3561.5191311836243 0.35322415828704834
3566.062908411026 0.4518819749355316
3570.6636667251587 0.34615710377693176
3593.325068473816 0.47052833437919617
3599.4272389411926 0.337465763092041
3603.9771559238434 0.3565974235534668
3608.5473849773407 0.45517855882644653
3630.788179397583 0.34512919187545776
3636.9122807979584 0.341059148311615
3641.458716392517 0.396782785654068
3645.9936146736145 0.5328431725502014
3668.1280448436737 0.42991605401039124
3674.2786841392517 0.3710152506828308
3678.842149734497 0.34934017062187195
3683.429112672806 0.3426450490951538
3706.2186267375946 0.39488691091537476
3712.4189536571503 0.349184513092041
3716.9571340084076 0.3566412925720215
3721.527106285095 0.3758930265903473
3743.911717891693 0.3147193193435669
3750.094872236252 0.3283633291721344
3754.661711215973 0.3542298376560211
3759.2153191566467 0.5931247472763062
3781.637421131134 0.42198219895362854
3787.7799365520477 0.3462274968624115
3792.319831132889 0.38562649488449097
3796.869315624237 0.3392757475376129
3819.6426334381104 0.36095377802848816
3825.7501373291016 0.31622228026390076
3830.3217248916626 0.35968953371047974
3834.952604532242 0.33890727162361145
3863.2525141239166 0.3498450517654419
3869.4599707126617 0.30755722522735596
3874.021862745285 0.3027844727039337
3878.6100866794586 0.3382415771484375
3900.9671506881714 0.3304891586303711
3907.3306634426117 0.3001372218132019
3911.8725485801697 0.33686959743499756
3916.4145209789276 0.3242395222187042
3939.4542303085327 0.3034575581550598
3945.658480644226 0.3421681821346283
3950.3011305332184 0.29217329621315
3954.864669084549 0.32180434465408325
3977.315504550934 0.32961398363113403
3983.558025121689 0.3055844306945801
3988.170721769333 0.2888779640197754
3992.777736902237 0.30866140127182007
4014.756134033203 0.2827589809894562
4020.8535401821136 0.2885068953037262
4025.4526505470276 0.4020448327064514
4030.0204861164093 0.31933683156967163
4052.622316598892 0.3171160817146301
4058.793894290924 0.27873459458351135
4063.3979156017303 0.30073052644729614
4067.9694697856903 0.3650646209716797
4090.163854598999 0.30989164113998413
4096.287348270416 0.2993638813495636
4100.890383243561 0.31077098846435547
4105.444647312164 0.28267765045166016
4127.491349220276 0.28402459621429443
4133.903162956238 0.2829331159591675
4138.439839601517 0.3789018392562866
4143.000448703766 0.33707156777381897
4165.796221494675 0.3050927519798279
4171.964184522629 0.266633003950119
4176.5974798202515 0.2871529459953308
4181.165234088898 0.30462977290153503
4203.814768314362 0.27253198623657227
4209.929124832153 0.36644452810287476
4214.512480258942 0.2940371632575989
4219.090406417847 0.2795345187187195
4247.572024345398 0.3523954153060913
4253.703793048859 0.28228843212127686
4258.276803016663 0.2616032361984253
4262.81547832489 0.2639715373516083
4284.972687721252 0.2567465603351593
4291.064592123032 0.2745479345321655
4295.635674715042 0.27332237362861633
4300.18487906456 0.26503515243530273
4322.44359087944 0.25229188799858093
4328.580794334412 0.27277055382728577
4333.19514632225 0.26972243189811707
4337.768374204636 0.25983715057373047
4360.481023311615 0.26689961552619934
4366.607951879501 0.257405161857605
4371.133193731308 0.2609359622001648
4375.684569597244 0.25212690234184265
4398.501894712448 0.25413522124290466
4404.606002092361 0.4167212247848511
4409.153154850006 0.5464950799942017
4413.68998837471 0.24848033487796783
4435.977407693863 0.2550353705883026
4442.086834669113 0.3057689070701599
4446.657107114792 0.3067634105682373
4451.17968082428 0.25244104862213135
4473.918427705765 0.25904297828674316
4480.136969327927 0.25494450330734253
4484.696493864059 0.24129560589790344
4489.270579814911 0.29755061864852905
4511.914222240448 0.23789702355861664
4518.14463353157 0.2843697667121887
4522.740739583969 0.2585010528564453
4527.35390663147 0.42428115010261536
4549.018285036087 0.28615227341651917
4555.237701177597 0.3060276508331299
4559.822112083435 0.23986776173114777
4564.386304616928 0.24355550110340118
4586.685467720032 0.23371869325637817
4592.917229652405 0.23421412706375122
4597.459850311279 0.2641812264919281
4601.996917963028 0.2572476267814636
4631.947015762329 0.23012304306030273
4638.144119501114 0.2979108989238739
4642.682552099228 0.2515069842338562
4647.222195625305 0.22747617959976196
4669.786463975906 0.2286347597837448
4675.990060329437 0.23931987583637238
4680.591232061386 0.23417752981185913
4685.172800540924 0.25287148356437683
4707.115436792374 0.23127543926239014
4713.30726480484 0.22542265057563782
4717.8789439201355 0.34204012155532837
4722.454516649246 0.225996732711792
4744.8128054142 0.287381112575531
4750.985226392746 0.2378760725259781
4755.610229969025 0.223458930850029
4760.178947687149 0.24099311232566833
4782.92994093895 0.265760600566864
4789.156783819199 0.2196192741394043
4793.820366382599 0.22638729214668274
4798.402247428894 0.21840563416481018
4820.865900278091 0.21453672647476196
4826.991845369339 0.22135940194129944
4831.607001781464 0.2146451473236084
4836.187614202499 0.21442176401615143
4858.516216993332 0.270780473947525
4864.678555727005 0.2246023565530777
4869.268972873688 0.22070714831352234
4873.885098457336 0.2212255299091339
4896.859311580658 0.24562165141105652
4903.00709271431 0.2585616111755371
4907.560672998428 0.32172244787216187
4912.1152403354645 0.20925113558769226
4934.469160795212 0.2117764949798584
4940.613835573196 0.21652531623840332
4945.1789219379425 0.2206815779209137
4949.7719168663025 0.2170562744140625
4971.942153930664 0.2247789204120636
4978.086006164551 0.2231619954109192
4982.734995126724 0.24108941853046417
4987.318665504456 0.21435558795928955
5016.152115821838 0.2348814308643341
5022.265385866165 0.21703915297985077
5026.859626054764 0.22202175855636597
5031.488140583038 0.20244614779949188
5053.849263906479 0.24473509192466736
5060.001821041107 0.2016073316335678
5064.586846828461 0.21279405057430267
5069.159335851669 0.20056356489658356
5091.708220481873 0.31395867466926575
5097.825398921967 0.20203855633735657
5102.400144338608 0.19654123485088348
5106.982619762421 0.23253852128982544
5129.332146883011 0.19568058848381042
5135.523608207703 0.1992332637310028
5140.077406644821 0.195403054356575
5144.65549659729 0.23206420242786407
5167.417415857315 0.2073718160390854
5173.571291923523 0.3333424925804138
5178.193053483963 0.20342840254306793
5182.821047544479 0.19707417488098145
5205.558711767197 0.19780859351158142
5211.841853141785 0.20554307103157043
5216.419259548187 0.20433439314365387
5220.984001636505 0.2609488368034363
5242.851017475128 0.19133475422859192
5249.037129640579 0.19111083447933197
5253.61381483078 0.19849379360675812
5258.178887844086 0.2223651111125946
5280.875150918961 0.1944088190793991
5287.161945343018 0.24395659565925598
5291.7325847148895 0.20061305165290833
5296.288909673691 0.18987755477428436
5319.154342412949 0.18916580080986023
5325.323289871216 0.19058409333229065
5329.886867761612 0.20080678164958954
5334.465096235275 0.22700586915016174
5357.097839832306 0.1904514878988266
5363.248910903931 0.1881665587425232
5367.816794395447 0.19294452667236328
5372.425397872925 0.19703508913516998
5401.251185178757 0.21697263419628143
5407.456315755844 0.18851451575756073
5412.074006319046 0.19434210658073425
5416.664906740189 0.21292167901992798
5439.626815080643 0.2030872106552124
5445.778696537018 0.18924476206302643
5450.346225500107 0.20678012073040009
5454.908141136169 0.19841121137142181
5477.140969276428 0.20542973279953003
5483.308072090149 0.1874559074640274
5487.913254737854 0.21396468579769135
5492.480021476746 0.1966504156589508
5514.31600022316 0.18890777230262756
5520.54353427887 0.18805044889450073
5525.125782966614 0.18703268468379974
5529.6985902786255 0.211134135723114
5552.012923717499 0.1906573325395584
5558.179851293564 0.18882404267787933
5562.78872013092 0.20619355142116547
5567.383972644806 0.2061222344636917
5590.231844425201 0.19087453186511993
5596.442981481552 0.18823930621147156
5601.011274337769 0.19592271745204926
5605.602307796478 0.2002827376127243
5628.065260887146 0.18722105026245117
5634.21542596817 0.1886865198612213
5638.825925111771 0.1866060197353363
5643.424681663513 0.1896887719631195
5665.358815193176 0.18693651258945465
5671.460249662399 0.20490983128547668
5676.033087968826 0.1928405910730362
5680.658636569977 0.2225290834903717
5703.3311195373535 0.18893124163150787
5709.460484027863 0.2772209048271179
5714.080234050751 0.19610582292079926
5718.667919874191 0.1877211630344391
5741.053115367889 0.1887645423412323
5747.214308977127 0.18539729714393616
5751.7926325798035 0.1849854737520218
5756.375048160553 0.19106215238571167
5785.017181158066 0.19340263307094574
5791.189529418945 0.21440352499485016
5795.805006504059 0.1957026571035385
5800.381170749664 0.1853124499320984
5822.586754798889 0.1850622296333313
5828.72087931633 0.18675298988819122
5833.282020330429 0.24672682583332062
5837.8733632564545 0.18724660575389862
5860.2078540325165 0.18865811824798584
5866.324161291122 0.19747373461723328
5870.918372392654 0.18538889288902283
5875.460448026657 0.18838158249855042
5898.045941591263 0.1849711686372757
5904.277832508087 0.18366754055023193
5908.909090042114 0.1891530305147171
5913.497334957123 0.30370938777923584
5935.881373167038 0.19295978546142578
5942.085802555084 0.1843932867050171
5946.689913034439 0.18353226780891418
5951.31492972374 0.18825244903564453
5973.215372562408 0.18766047060489655
5979.444098234177 0.18672803044319153
5984.029473543167 0.18469446897506714
5988.62593126297 0.1884465217590332
6011.284863233566 0.20630839467048645
6017.462165355682 0.18453119695186615
6022.089818954468 0.18412905931472778
6026.754099369049 0.1984371691942215
6049.10098695755 0.18424049019813538
6055.250720739365 0.18337887525558472
6059.807855129242 0.19359321892261505
6064.401730537415 0.1871519684791565
6086.506916761398 0.1907571405172348
6092.635537385941 0.1921098530292511
6097.223266363144 0.18567177653312683
6101.841756343842 0.18628068268299103
6124.663207769394 0.19426606595516205
6130.931603431702 0.20783814787864685
6135.542390584946 0.2181190699338913
6140.151296615601 0.19920745491981506
6168.461557865143 0.18293078243732452
6174.679145812988 0.18743501603603363
6179.2944688797 0.19120080769062042
6183.8361847400665 0.18522590398788452
6206.326649188995 0.18363824486732483
6212.500492572784 0.18315958976745605
6217.058652877808 0.24035736918449402
6221.593478441238 0.20400607585906982
6244.210921287537 0.1848066747188568
6250.406978130341 0.18173013627529144
6255.000451803207 0.18251441419124603
6259.558166980743 0.18587283790111542
6281.988718748093 0.18166889250278473
6288.299382448196 0.19030162692070007
6292.897147893906 0.1809515506029129
6297.547242641449 0.18302881717681885
6319.716269254684 0.18930387496948242
6325.861915111542 0.18832620978355408
6330.464013338089 0.1819426566362381
6335.100307941437 0.18656626343727112
6357.725109100342 0.1866668313741684
6363.947679758072 0.18352928757667542
6368.577941656113 0.1822129189968109
6373.222017288208 0.18277569115161896
6395.5266745090485 0.18462465703487396
6401.751800060272 0.18719404935836792
6406.389111042023 0.18031013011932373
6410.950511932373 0.19643300771713257
6433.250999450684 0.18564806878566742
6439.401000738144 0.18080876767635345
6443.983588695526 0.18061710894107819
6448.5139067173 0.18065403401851654
6471.01953458786 0.18607980012893677
6477.132552862167 0.18178260326385498
6481.756758213043 0.19613875448703766
6486.326904535294 0.1808849424123764
6508.666913509369 0.18199105560779572
6515.315318584442 0.1862841248512268
6519.9251346588135 0.18518631160259247
6524.455075979233 0.19110248982906342
6552.581026554108 0.17942248284816742
6558.761016607285 0.17976459860801697
6563.388454675674 0.18120136857032776
6567.973048210144 0.1918501853942871
6590.287398815155 0.20540787279605865
6596.448845863342 0.18008120357990265
6601.029065132141 0.18033207952976227
6605.609458684921 0.1876896768808365
6627.866770744324 0.1792786866426468
6634.008489370346 0.185683935880661
6638.595707416534 0.1818116456270218
6643.164482593536 0.17960941791534424
6665.511127471924 0.18200238049030304
6671.701858997345 0.1806897222995758
6676.321312665939 0.18700146675109863
6680.914974927902 0.17818404734134674
6703.936664104462 0.17861531674861908
6710.206239461899 0.17842254042625427
6714.840886831284 0.17856386303901672
6719.405378580093 0.219145268201828
6741.603107213974 0.18009726703166962
6747.774323225021 0.18063680827617645
6752.333517789841 0.17880664765834808
6756.965232849121 0.1785367727279663
6779.670415878296 0.18167787790298462
6785.8455193042755 0.17816609144210815
6790.380469799042 0.17895092070102692
6794.978120565414 0.1886281669139862
6817.593455553055 0.1797531098127365
6823.80304980278 0.17782418429851532
6828.422065973282 0.17813915014266968
6833.032439947128 0.1778469681739807
6855.11566901207 0.17789579927921295
6861.252274274826 0.18230627477169037
6865.859120607376 0.1838388592004776
6870.449414968491 0.1803700476884842
6892.59725856781 0.179452583193779
6898.70471906662 0.23213468492031097
6903.274905204773 0.17860828340053558
6907.848298072815 0.18137513101100922
6936.881036996841 0.17913563549518585
6943.078590393066 0.18253429234027863
6947.66002368927 0.19462046027183533
6952.250276088715 0.1766400933265686
6975.1676297187805 0.177402526140213
6981.398364782333 0.17794263362884521
6985.998380184174 0.1776445358991623
6990.59564948082 0.18070298433303833
