14.35920000076294 0.125
20.63871121406555 0.140625
25.228994131088257 0.1458333283662796
29.83003544807434 0.171875
51.99469351768494 0.375
58.162068128585815 0.375
62.72647142410278 0.34375
67.25102090835571 0.3828125
89.66529417037964 0.46875
95.80425667762756 0.5
100.37342190742493 0.53125
104.91980695724487 0.5078125
127.07241010665894 0.5625
133.32724475860596 0.578125
137.92719745635986 0.5625
142.49315333366394 0.5625
165.42375683784485 0.59375
171.62388372421265 0.65625
176.2242386341095 0.6666666865348816
180.8265039920807 0.6875
203.6763415336609 0.59375
209.86160445213318 0.5625
214.44871377944946 0.5833333134651184
219.03398966789246 0.609375
241.3696005344391 0.75
247.50642848014832 0.71875
252.08575868606567 0.6979166865348816
256.62600898742676 0.703125
279.35870242118835 0.6875
285.494943857193 0.75
290.10884380340576 0.7708333134651184
294.6539466381073 0.7890625
317.4009165763855 0.78125
323.5699303150177 0.734375
328.1401970386505 0.6770833134651184
332.7461531162262 0.7109375
354.8790605068207 0.6875
361.0883650779724 0.796875
365.6843409538269 0.8125
370.28498435020447 0.7890625
399.94227743148804 0.78125
406.137065410614 0.828125
410.7018208503723 0.8333333134651184
415.3434519767761 0.8515625
438.3322911262512 0.8125
444.4838695526123 0.75
449.07270789146423 0.7916666865348816
453.5964267253876 0.8359375
476.7275741100311 0.84375
482.9569137096405 0.875
487.5305337905884 0.8541666865348816
492.08961248397827 0.84375
514.7223856449127 0.90625
520.9519486427307 0.9375
525.542224407196 0.875
530.1102089881897 0.828125
553.0493938922882 0.84375
559.2590374946594 0.765625
563.85049700737 0.7916666865348816
568.4169852733612 0.7890625
590.5188548564911 0.84375
596.772382736206 0.859375
601.3281600475311 0.8645833134651184
605.8970894813538 0.8515625
628.5944380760193 0.875
634.8347270488739 0.90625
639.4194240570068 0.84375
643.972029209137 0.8515625
666.926070690155 0.875
673.0417172908783 0.875
677.5685753822327 0.84375
682.1919071674347 0.859375
704.6676456928253 0.90625
710.835461139679 0.921875
715.4252212047577 0.9166666865348816
720.0036754608154 0.90625
742.1377999782562 0.90625
748.2786321640015 0.875
752.8617451190948 0.8958333134651184
757.4215121269226 0.875
786.7689898014069 0.90625
792.9509236812592 0.921875
797.5467779636383 0.875
802.1044850349426 0.875
824.7124016284943 0.9375
830.9302315711975 0.953125
835.4753773212433 0.9479166865348816
840.0151698589325 0.9140625
862.3987746238708 0.90625
868.5481007099152 0.84375
873.0459804534912 0.8541666865348816
877.6167440414429 0.8359375
900.1354854106903 0.90625
906.3435297012329 0.90625
910.9315338134766 0.8958333134651184
915.488772392273 0.890625
938.2170298099518 0.875
944.3438656330109 0.890625
948.8697028160095 0.90625
953.4100015163422 0.890625
975.9661028385162 0.90625
982.0958454608917 0.890625
986.648918390274 0.84375
991.2658135890961 0.8515625
1013.8977484703064 0.90625
1020.0928964614868 0.84375
1024.7080581188202 0.8854166865348816
1029.3378791809082 0.890625
1051.9672853946686 0.875
1058.1597945690155 0.90625
1062.736538887024 0.9166666865348816
1067.305356502533 0.921875
1089.9698519706726 0.8125
1096.0789468288422 0.828125
1100.6683280467987 0.8333333134651184
1105.2087953090668 0.828125
1127.6597971916199 0.875
1133.7943108081818 0.84375
1138.359065771103 0.8854166865348816
1142.925897359848 0.8671875
1172.266015291214 0.96875
1178.496012210846 0.921875
1183.0405766963959 0.9166666865348816
1187.6464202404022 0.90625
1209.5873885154724 0.90625
1215.7654631137848 0.921875
1220.3503699302673 0.9270833134651184
1224.9189426898956 0.90625
1247.4021136760712 0.8125
1253.5363726615906 0.8125
1258.1393206119537 0.8125
1262.744705438614 0.8359375
1285.608417749405 0.8125
1291.7295064926147 0.875
1296.353506565094 0.8645833134651184
1300.9470760822296 0.8828125
1323.6042478084564 0.96875
1329.6495480537415 0.953125
1334.2034332752228 0.9375
1338.7864165306091 0.9375
1360.919631242752 0.875
1367.0997965335846 0.890625
1371.6500570774078 0.8958333134651184
1376.2230370044708 0.875
1399.1013157367706 0.9375
1405.312950372696 0.875
1409.885052204132 0.90625
1414.4472908973694 0.890625
1436.6675424575806 0.8125
1442.7675931453705 0.8125
1447.3415303230286 0.8541666865348816
1451.9080209732056 0.8515625
1474.0939364433289 0.9375
1480.2465386390686 0.921875
1484.8143391609192 0.9166666865348816
1489.3759713172913 0.8984375
1511.928219795227 0.875
1518.2005157470703 0.875
1522.813052892685 0.84375
1527.395762205124 0.859375
1555.6153061389923 0.90625
1561.7767403125763 0.828125
1566.3878183364868 0.875
1570.9822103977203 0.890625
1593.3882522583008 0.84375
1599.553717136383 0.828125
1604.166516304016 0.84375
1608.7970962524414 0.8671875
1631.7264885902405 0.9375
1637.8922500610352 0.921875
1642.4407901763916 0.9375
1646.9880273342133 0.9375
1669.2775876522064 0.9375
1675.4176201820374 0.921875
1680.0223684310913 0.9166666865348816
1684.5664472579956 0.90625
1706.660847902298 0.9375
1712.8031678199768 0.890625
1717.417639017105 0.9166666865348816
1721.9985873699188 0.8984375
1744.7705926895142 0.90625
1750.9507403373718 0.90625
1755.516551733017 0.8854166865348816
1760.1124858856201 0.90625
1782.5012500286102 0.90625
1788.6992738246918 0.90625
1793.2554104328156 0.90625
1797.831779241562 0.890625
1819.825436592102 0.84375
1825.920296907425 0.875
1830.4705526828766 0.8854166865348816
1835.0731844902039 0.8984375
1857.6429812908173 0.90625
1863.8670868873596 0.890625
1868.4581410884857 0.875
1873.0379626750946 0.8984375
1895.5006234645844 0.9375
1901.687749862671 0.921875
1906.247351884842 0.9166666865348816
1910.8574583530426 0.9140625
1939.3459963798523 0.9375
1945.5121235847473 0.90625
1950.0973680019379 0.8854166865348816
1954.6414387226105 0.890625
1977.1954503059387 0.9375
1983.3189597129822 0.875
1987.908854007721 0.90625
1992.4751527309418 0.90625
2014.9098324775696 0.9375
2021.0942251682281 0.9375
2025.7350811958313 0.9375
2030.345587015152 0.9296875
2052.9111499786377 0.875
2059.058123111725 0.890625
2063.6307339668274 0.90625
2068.236597299576 0.8984375
2091.122193336487 0.90625
2097.3758907318115 0.90625
2101.9550676345825 0.875
2106.573434829712 0.8984375
2128.835966348648 0.9375
2134.9879755973816 0.953125
2139.552333831787 0.9583333134651184
2144.1419246196747 0.9375
2167.2289962768555 0.9375
2173.419914007187 0.953125
2177.9628591537476 0.9375
2182.529368877411 0.890625
2205.2061908245087 0.90625
2211.3771884441376 0.890625
2215.928121328354 0.90625
2220.5185554027557 0.921875
2242.5061888694763 0.875
2248.723363161087 0.90625
2253.3253474235535 0.875
2257.94477558136 0.890625
2280.5840289592743 0.8125
2286.7778327465057 0.859375
2291.3124334812164 0.8854166865348816
2295.888650894165 0.890625
2325.323122024536 0.96875
2331.47283577919 0.890625
2336.0209152698517 0.90625
2340.6329939365387 0.8984375
2363.468611240387 0.96875
2369.635054588318 0.984375
2374.2527306079865 0.9479166865348816
2378.810923099518 0.9453125
2401.04314661026 0.84375
2407.2092802524567 0.890625
2411.807596683502 0.9166666865348816
2416.357288122177 0.90625
2438.8075947761536 0.875
2445.01828956604 0.875
2449.584816932678 0.8854166865348816
2454.1684629917145 0.8828125
2476.9961144924164 0.90625
2483.1754858493805 0.9375
2487.756553173065 0.90625
2492.2969720363617 0.8984375
2514.88383102417 0.9375
2521.0495386123657 0.9375
2525.64307141304 0.9166666865348816
2530.1920993328094 0.9296875
2552.397751569748 0.9375
2558.605588912964 0.96875
2563.1600880622864 0.9583333134651184
2567.7546210289 0.9453125
2590.549380302429 0.9375
2596.8329145908356 0.921875
2601.4268016815186 0.9166666865348816
2606.029570579529 0.90625
2628.797887325287 1.0
2635.0203256607056 0.9375
2639.598178625107 0.9166666865348816
2644.1626715660095 0.90625
2666.335869550705 0.96875
2672.6886904239655 0.9375
2677.219984292984 0.9375
2681.7762932777405 0.9296875
2710.365231513977 0.96875
2716.517629623413 0.96875
2721.1269018650055 0.9583333134651184
2725.7456233501434 0.9453125
2748.018815279007 0.84375
2754.194155216217 0.859375
2758.7252140045166 0.90625
2763.27143907547 0.921875
2785.8713023662567 0.875
2792.022002696991 0.875
2796.614891052246 0.8854166865348816
2801.219656229019 0.859375
2823.365046262741 0.90625
2829.8880729675293 0.921875
2834.404627799988 0.90625
2838.961513519287 0.90625
2861.795782327652 0.96875
2867.9710969924927 0.9375
2872.532975912094 0.9375
2877.1163499355316 0.921875
2899.711580514908 0.8125
2905.9367156028748 0.90625
2910.602093935013 0.875
2915.2815856933594 0.875
2937.2124717235565 0.875
2943.397809267044 0.921875
2948.0051271915436 0.9270833134651184
2952.613345861435 0.9140625
2975.088636159897 0.875
2981.5189316272736 0.9375
2986.0966539382935 0.9479166865348816
2990.656232357025 0.9453125
3013.5688457489014 0.90625
3019.6895627975464 0.890625
3024.2474071979523 0.9166666865348816
3028.850193977356 0.9140625
3051.579124212265 0.90625
3057.7309205532074 0.9375
3062.3165884017944 0.9270833134651184
3066.8882653713226 0.9375
3095.5516476631165 0.78125
3101.717030286789 0.84375
3106.3315052986145 0.875
3110.946350336075 0.890625
3133.8047795295715 0.9375
3140.053968667984 0.9375
3144.702743291855 0.9375
3149.328715801239 0.9296875
3171.9197866916656 0.9375
3178.09401512146 0.953125
3182.646117210388 0.9583333134651184
3187.2110002040863 0.9375
3209.1404304504395 1.0
3215.2958459854126 0.953125
3219.8634350299835 0.9479166865348816
3224.4508140087128 0.9375
3247.255622625351 0.9375
3253.338207960129 0.9375
3257.958031654358 0.9375
3262.511167049408 0.9296875
3285.4925084114075 0.84375
3291.675395011902 0.84375
3296.28724861145 0.875
3300.8781077861786 0.8828125
3323.142733812332 0.96875
3329.3689143657684 0.921875
3333.9631972312927 0.9166666865348816
3338.537447452545 0.890625
3360.7798986434937 0.84375
3366.9690668582916 0.890625
3371.5348649024963 0.9166666865348816
3376.0613491535187 0.9140625
3398.68847489357 0.90625
3404.8590297698975 0.921875
3409.4164323806763 0.9270833134651184
3414.0189888477325 0.8984375
3436.2831523418427 0.90625
3442.4430549144745 0.90625
3446.9910662174225 0.90625
3451.5748863220215 0.921875
3480.194785118103 0.90625
3486.3112168312073 0.921875
3490.921537876129 0.9166666865348816
3495.4585683345795 0.9140625
3517.7751035690308 0.96875
3523.8745334148407 0.984375
3528.4495837688446 0.9583333134651184
3533.0171489715576 0.9609375
3555.3775119781494 0.96875
3561.5191311836243 0.984375
3566.062908411026 0.96875
3570.6636667251587 0.9765625
3593.325068473816 0.96875
3599.4272389411926 0.984375
3603.9771559238434 0.9895833134651184
3608.5473849773407 0.9765625
3630.788179397583 1.0
3636.9122807979584 1.0
3641.458716392517 0.9895833134651184
3645.9936146736145 0.9765625
3668.1280448436737 0.96875
3674.2786841392517 0.984375
3678.842149734497 0.9791666865348816
3683.429112672806 0.984375
3706.2186267375946 0.96875
3712.4189536571503 0.96875
3716.9571340084076 0.9791666865348816
3721.527106285095 0.9765625
3743.911717891693 1.0
3750.094872236252 1.0
3754.661711215973 0.9895833134651184
3759.2153191566467 0.9765625
3781.637421131134 0.9375
3787.7799365520477 0.96875
3792.319831132889 0.96875
3796.869315624237 0.96875
3819.6426334381104 0.9375
3825.7501373291016 0.96875
3830.3217248916626 0.96875
3834.952604532242 0.96875
3863.2525141239166 1.0
3869.4599707126617 1.0
3874.021862745285 1.0
3878.6100866794586 0.9921875
3900.9671506881714 1.0
3907.3306634426117 1.0
3911.8725485801697 1.0
3916.4145209789276 1.0
3939.4542303085327 1.0
3945.658480644226 0.984375
3950.3011305332184 0.9895833134651184
3954.864669084549 0.984375
3977.315504550934 0.96875
3983.558025121689 0.984375
3988.170721769333 0.9895833134651184
3992.777736902237 0.9921875
4014.756134033203 1.0
4020.8535401821136 1.0
4025.4526505470276 0.9791666865348816
4030.0204861164093 0.984375
4052.622316598892 0.96875
4058.793894290924 0.984375
4063.3979156017303 0.9895833134651184
4067.9694697856903 0.984375
4090.163854598999 1.0
4096.287348270416 1.0
4100.890383243561 0.9895833134651184
4105.444647312164 0.9921875
4127.491349220276 1.0
4133.903162956238 1.0
4138.439839601517 0.9895833134651184
4143.000448703766 0.984375
4165.796221494675 0.96875
4171.964184522629 0.984375
4176.5974798202515 0.9895833134651184
4181.165234088898 0.984375
4203.814768314362 1.0
4209.929124832153 0.96875
4214.512480258942 0.96875
4219.090406417847 0.9765625
4247.572024345398 0.96875
4253.703793048859 0.984375
4258.276803016663 0.9895833134651184
4262.81547832489 0.9921875
4284.972687721252 1.0
4291.064592123032 1.0
4295.635674715042 1.0
4300.18487906456 1.0
4322.44359087944 1.0
4328.580794334412 1.0
4333.19514632225 1.0
4337.768374204636 1.0
4360.481023311615 1.0
4366.607951879501 1.0
4371.133193731308 1.0
4375.684569597244 1.0
4398.501894712448 1.0
4404.606002092361 0.984375
4409.153154850006 0.9791666865348816
4413.68998837471 0.984375
4435.977407693863 1.0
4442.086834669113 0.984375
4446.657107114792 0.9791666865348816
4451.17968082428 0.984375
4473.918427705765 1.0
4480.136969327927 1.0
4484.696493864059 1.0
4489.270579814911 0.9921875
4511.914222240448 1.0
4518.14463353157 1.0
4522.740739583969 1.0
4527.35390663147 0.96875
4549.018285036087 0.96875
4555.237701177597 0.96875
4559.822112083435 0.9791666865348816
4564.386304616928 0.984375
4586.685467720032 1.0
4592.917229652405 1.0
4597.459850311279 0.9895833134651184
4601.996917963028 0.984375
4631.947015762329 1.0
4638.144119501114 0.96875
4642.682552099228 0.9791666865348816
4647.222195625305 0.984375
4669.786463975906 1.0
4675.990060329437 1.0
4680.591232061386 1.0
4685.172800540924 1.0
4707.115436792374 1.0
4713.30726480484 1.0
4717.8789439201355 0.9895833134651184
4722.454516649246 0.9921875
4744.8128054142 0.96875
4750.985226392746 0.984375
4755.610229969025 0.9895833134651184
4760.178947687149 0.9921875
4782.92994093895 0.96875
4789.156783819199 0.984375
4793.820366382599 0.9895833134651184
4798.402247428894 0.9921875
4820.865900278091 1.0
4826.991845369339 1.0
4831.607001781464 1.0
4836.187614202499 1.0
4858.516216993332 0.96875
4864.678555727005 0.984375
4869.268972873688 0.9895833134651184
4873.885098457336 0.9921875
4896.859311580658 0.96875
4903.00709271431 0.96875
4907.560672998428 0.96875
4912.1152403354645 0.9765625
4934.469160795212 1.0
4940.613835573196 1.0
4945.1789219379425 1.0
4949.7719168663025 1.0
4971.942153930664 1.0
4978.086006164551 1.0
4982.734995126724 0.9895833134651184
4987.318665504456 0.9921875
5016.152115821838 1.0
5022.265385866165 1.0
5026.859626054764 1.0
5031.488140583038 1.0
5053.849263906479 0.96875
5060.001821041107 0.984375
5064.586846828461 0.9895833134651184
5069.159335851669 0.9921875
5091.708220481873 0.96875
5097.825398921967 0.984375
5102.400144338608 0.9895833134651184
5106.982619762421 0.984375
5129.332146883011 1.0
5135.523608207703 1.0
5140.077406644821 1.0
5144.65549659729 0.9921875
5167.417415857315 1.0
5173.571291923523 0.984375
5178.193053483963 0.9895833134651184
5182.821047544479 0.9921875
5205.558711767197 1.0
5211.841853141785 1.0
5216.419259548187 1.0
5220.984001636505 0.9921875
5242.851017475128 1.0
5249.037129640579 1.0
5253.61381483078 1.0
5258.178887844086 0.9921875
5280.875150918961 1.0
5287.161945343018 0.984375
5291.7325847148895 0.9895833134651184
5296.288909673691 0.9921875
5319.154342412949 1.0
5325.323289871216 1.0
5329.886867761612 1.0
5334.465096235275 0.9921875
5357.097839832306 1.0
5363.248910903931 1.0
5367.816794395447 1.0
5372.425397872925 1.0
5401.251185178757 0.96875
5407.456315755844 0.984375
5412.074006319046 0.9895833134651184
5416.664906740189 0.9921875
5439.626815080643 1.0
5445.778696537018 1.0
5450.346225500107 1.0
5454.908141136169 1.0
5477.140969276428 1.0
5483.308072090149 1.0
5487.913254737854 0.9895833134651184
5492.480021476746 0.9921875
5514.31600022316 1.0
5520.54353427887 1.0
5525.125782966614 1.0
5529.6985902786255 0.9921875
5552.012923717499 1.0
5558.179851293564 1.0
5562.78872013092 1.0
5567.383972644806 1.0
5590.231844425201 1.0
5596.442981481552 1.0
5601.011274337769 1.0
5605.602307796478 1.0
5628.065260887146 1.0
5634.21542596817 1.0
5638.825925111771 1.0
5643.424681663513 1.0
5665.358815193176 1.0
5671.460249662399 1.0
5676.033087968826 1.0
5680.658636569977 1.0
5703.3311195373535 1.0
5709.460484027863 0.984375
5714.080234050751 0.9895833134651184
5718.667919874191 0.9921875
5741.053115367889 1.0
5747.214308977127 1.0
5751.7926325798035 1.0
5756.375048160553 1.0
5785.017181158066 1.0
5791.189529418945 0.984375
5795.805006504059 0.9895833134651184
5800.381170749664 0.9921875
5822.586754798889 1.0
5828.72087931633 1.0
5833.282020330429 0.9895833134651184
5837.8733632564545 0.9921875
5860.2078540325165 1.0
5866.324161291122 1.0
5870.918372392654 1.0
5875.460448026657 1.0
5898.045941591263 1.0
5904.277832508087 1.0
5908.909090042114 1.0
5913.497334957123 0.984375
5935.881373167038 1.0
5942.085802555084 1.0
5946.689913034439 1.0
5951.31492972374 1.0
5973.215372562408 1.0
5979.444098234177 1.0
5984.029473543167 1.0
5988.62593126297 1.0
6011.284863233566 1.0
6017.462165355682 1.0
6022.089818954468 1.0
6026.754099369049 1.0
6049.10098695755 1.0
6055.250720739365 1.0
6059.807855129242 1.0
6064.401730537415 1.0
6086.506916761398 1.0
6092.635537385941 1.0
6097.223266363144 1.0
6101.841756343842 1.0
6124.663207769394 1.0
6130.931603431702 1.0
6135.542390584946 0.9895833134651184
6140.151296615601 0.9921875
6168.461557865143 1.0
6174.679145812988 1.0
6179.2944688797 1.0
6183.8361847400665 1.0
6206.326649188995 1.0
6212.500492572784 1.0
6217.058652877808 0.9895833134651184
6221.593478441238 0.9921875
6244.210921287537 1.0
6250.406978130341 1.0
6255.000451803207 1.0
6259.558166980743 1.0
6281.988718748093 1.0
6288.299382448196 1.0
6292.897147893906 1.0
6297.547242641449 1.0
6319.716269254684 1.0
6325.861915111542 1.0
6330.464013338089 1.0
6335.100307941437 1.0
6357.725109100342 1.0
6363.947679758072 1.0
6368.577941656113 1.0
6373.222017288208 1.0
6395.5266745090485 1.0
6401.751800060272 1.0
6406.389111042023 1.0
6410.950511932373 1.0
6433.250999450684 1.0
6439.401000738144 1.0
6443.983588695526 1.0
6448.5139067173 1.0
6471.01953458786 1.0
6477.132552862167 1.0
6481.756758213043 1.0
6486.326904535294 1.0
6508.666913509369 1.0
6515.315318584442 1.0
6519.9251346588135 1.0
6524.455075979233 1.0
6552.581026554108 1.0
6558.761016607285 1.0
6563.388454675674 1.0
6567.973048210144 1.0
6590.287398815155 1.0
6596.448845863342 1.0
6601.029065132141 1.0
6605.609458684921 1.0
6627.866770744324 1.0
6634.008489370346 1.0
6638.595707416534 1.0
6643.164482593536 1.0
6665.511127471924 1.0
6671.701858997345 1.0
6676.321312665939 1.0
6680.914974927902 1.0
6703.936664104462 1.0
6710.206239461899 1.0
6714.840886831284 1.0
6719.405378580093 0.9921875
6741.603107213974 1.0
6747.774323225021 1.0
6752.333517789841 1.0
6756.965232849121 1.0
6779.670415878296 1.0
6785.8455193042755 1.0
6790.380469799042 1.0
6794.978120565414 1.0
6817.593455553055 1.0
6823.80304980278 1.0
6828.422065973282 1.0
6833.032439947128 1.0
6855.11566901207 1.0
6861.252274274826 1.0
6865.859120607376 1.0
6870.449414968491 1.0
6892.59725856781 1.0
6898.70471906662 0.984375
6903.274905204773 0.9895833134651184
6907.848298072815 0.9921875
6936.881036996841 1.0
6943.078590393066 1.0
6947.66002368927 1.0
6952.250276088715 1.0
6975.1676297187805 1.0
6981.398364782333 1.0
6985.998380184174 1.0
6990.59564948082 1.0
