18.477699279785156 0.15625
24.872166633605957 0.125
29.574315309524536 0.1354166716337204
34.31015753746033 0.12109375
39.01573038101196 0.109375
43.77406692504883 0.1380208283662796
48.63256096839905 0.1517857164144516
53.36690425872803 0.1640625
57.99699640274048 0.1857638955116272
62.67865252494812 0.21718749403953552
67.35146260261536 0.23579545319080353
72.04385232925415 0.2408854216337204
76.6904194355011 0.25600960850715637
81.33946013450623 0.2767857015132904
85.99015712738037 0.2979166805744171
90.56379842758179 0.3095703125
95.14528059959412 0.32077205181121826
99.75051712989807 0.3385416567325592
104.45909786224365 0.35361841320991516
109.1305627822876 0.3695312440395355
138.18557715415955 0.71875
144.5428020954132 0.71875
149.26719427108765 0.6822916865348816
154.01664972305298 0.703125
158.73107385635376 0.6937500238418579
163.48005366325378 0.7005208134651184
168.17799758911133 0.7165178656578064
172.81568813323975 0.724609375
177.4739284515381 0.7378472089767456
182.06309628486633 0.7359374761581421
186.75168585777283 0.7400568127632141
191.38925004005432 0.7473958134651184
196.10635352134705 0.7463942170143127
200.80570316314697 0.7433035969734192
205.3932590484619 0.7510416507720947
210.03810930252075 0.7548828125
214.6622612476349 0.7619485259056091
219.28750252723694 0.765625
223.91129183769226 0.7648026347160339
228.54201197624207 0.7640625238418579
257.8780448436737 0.8125
264.22865176200867 0.796875
268.9551136493683 0.8072916865348816
273.6307895183563 0.79296875
278.2851662635803 0.800000011920929
282.9108736515045 0.7942708134651184
287.6442472934723 0.8035714030265808
292.2895152568817 0.818359375
296.92821192741394 0.8142361044883728
301.6019630432129 0.817187488079071
306.2202959060669 0.8224431872367859
310.8250162601471 0.8229166865348816
315.4804286956787 0.8293269276618958
320.1103205680847 0.8292410969734192
324.6997604370117 0.824999988079071
329.31280612945557 0.82421875
333.9219024181366 0.8226103186607361
338.53219079971313 0.8255208134651184
343.16971373558044 0.8273026347160339
347.8012065887451 0.8296874761581421
376.87464785575867 0.890625
383.2409873008728 0.875
388.02342987060547 0.8802083134651184
392.71560859680176 0.87890625
397.4341719150543 0.8812500238418579
402.12366771698 0.8671875
406.8768846988678 0.8683035969734192
411.61599373817444 0.861328125
416.24436378479004 0.8663194179534912
420.9121525287628 0.870312511920929
425.5547351837158 0.8707386255264282
430.2545475959778 0.8723958134651184
434.9719223976135 0.8737980723381042
439.64323592185974 0.8738839030265808
444.2733311653137 0.8760416507720947
448.92999243736267 0.8720703125
453.5600461959839 0.873161792755127
458.1713287830353 0.8741319179534912
462.83913803100586 0.875
467.49215149879456 0.8765624761581421
496.5327696800232 0.859375
502.9778096675873 0.8359375
507.6687881946564 0.8541666865348816
512.342679977417 0.85546875
517.0231881141663 0.856249988079071
521.7629370689392 0.84375
526.4780247211456 0.8571428656578064
531.1056923866272 0.861328125
535.8398699760437 0.8663194179534912
540.5749657154083 0.8656250238418579
545.3412902355194 0.8636363744735718
550.07439661026 0.8619791865348816
554.773268699646 0.870192289352417
559.454628944397 0.8705357313156128
564.1400415897369 0.8739583492279053
568.8497385978699 0.8681640625
573.5595939159393 0.8713235259056091
578.209668636322 0.8645833134651184
582.8672881126404 0.8610197305679321
587.598121881485 0.862500011920929
616.441312789917 0.875
622.8498895168304 0.90625
627.6265325546265 0.9010416865348816
632.3157978057861 0.8984375
637.0515377521515 0.890625
641.722589969635 0.8932291865348816
646.3662762641907 0.8950892686843872
650.9874362945557 0.896484375
655.6262254714966 0.8958333134651184
660.2308528423309 0.890625
664.8360137939453 0.8920454382896423
669.4497282505035 0.8880208134651184
674.0749089717865 0.8930288553237915
678.6646711826324 0.8917410969734192
683.2785034179688 0.8916666507720947
687.8799993991852 0.896484375
692.4842808246613 0.8988970518112183
697.1372318267822 0.8975694179534912
701.7688479423523 0.9004934430122375
706.3422348499298 0.8999999761581421
735.3811821937561 0.890625
741.7533776760101 0.875
746.4782123565674 0.9010416865348816
751.2276377677917 0.90625
755.9581620693207 0.903124988079071
760.7066032886505 0.90625
765.4041390419006 0.90625
770.1058530807495 0.896484375
774.7532179355621 0.8993055820465088
779.3737969398499 0.9046875238418579
784.0430557727814 0.9048295617103577
788.6622037887573 0.9049479365348816
793.3114454746246 0.90625
797.9598734378815 0.8984375
802.5965330600739 0.9010416865348816
807.1969220638275 0.8974609375
811.8806383609772 0.8998161554336548
816.4872796535492 0.8975694179534912
821.1425676345825 0.8947368264198303
825.7829353809357 0.895312488079071
855.3566088676453 0.875
861.8404667377472 0.8984375
866.6157033443451 0.90625
871.3312661647797 0.91015625
876.0144391059875 0.9125000238418579
880.6845965385437 0.9166666865348816
885.3974261283875 0.9129464030265808
890.1018023490906 0.91015625
894.7621881961823 0.9079861044883728
899.477391242981 0.9125000238418579
904.0938394069672 0.9119318127632141
908.7574815750122 0.9088541865348816
913.4283397197723 0.9074519276618958
918.0757937431335 0.9029017686843872
922.7851903438568 0.9041666388511658
927.4530329704285 0.904296875
932.1116557121277 0.9025735259056091
936.741455078125 0.9019097089767456
941.359845161438 0.9013158082962036
945.9725756645203 0.903124988079071
975.4389066696167 0.921875
981.8537209033966 0.9296875
986.5525152683258 0.921875
991.2577674388885 0.9140625
995.8278450965881 0.909375011920929
1000.4434843063354 0.9114583134651184
1005.0925312042236 0.9107142686843872
1009.8263816833496 0.91015625
1014.4710657596588 0.9097222089767456
1019.131297826767 0.903124988079071
1023.8209328651428 0.9019886255264282
1028.4844748973846 0.90234375
1033.1101565361023 0.9038461446762085
1037.711804151535 0.9084821343421936
1042.3420543670654 0.9083333611488342
1047.0217247009277 0.9072265625
1051.6532468795776 0.9099264740943909
1056.2405002117157 0.9071180820465088
1060.894971370697 0.9078947305679321
1065.5390162467957 0.9085937738418579
1095.7777407169342 0.921875
1103.9338643550873 0.9453125
1110.3713641166687 0.9505208134651184
1116.7936820983887 0.953125
1123.1921410560608 0.957812488079071
1129.6793341636658 0.96484375
1136.1603581905365 0.96875
1142.7069103717804 0.9697265625
1149.400113582611 0.9722222089767456
1156.1267840862274 0.973437488079071
1188.424043416977 0.984375
1196.5440015792847 0.98046875
1202.8863344192505 0.9817708134651184
1209.3083531856537 0.98046875
1215.7028574943542 0.981249988079071
1222.1452350616455 0.9817708134651184
1228.5806336402893 0.9832589030265808
1235.0570890903473 0.9853515625
1241.603191614151 0.9869791865348816
1248.283492565155 0.985156238079071
1280.723594903946 0.984375
1288.7081091403961 0.98046875
1295.1069707870483 0.9817708134651184
1301.5909416675568 0.984375
1308.0212290287018 0.987500011920929
1314.4536757469177 0.9856770634651184
1320.9143981933594 0.9866071343421936
1327.3612616062164 0.9873046875
1333.967859506607 0.9869791865348816
1340.6886792182922 0.98828125
1372.7974214553833 0.9921875
1380.7926752567291 0.98828125
1387.247582435608 0.9895833134651184
1393.6142973899841 0.9921875
1400.1078386306763 0.9921875
1406.6524155139923 0.9908854365348816
1413.176261663437 0.9921875
1419.7647857666016 0.9921875
1426.529958486557 0.9921875
1433.2705962657928 0.9921875
1465.354275226593 1.0
1476.8669543266296 1.0
1486.7854945659637 1.0
1496.91224193573 1.0
1507.190719127655 1.0
1544.2572317123413 0.99609375
1555.9861295223236 0.994140625
1565.895617723465 0.99609375
1575.970754623413 0.99609375
1586.4259555339813 0.996874988079071
1623.8158073425293 1.0
1635.387119293213 1.0
1645.2913935184479 0.9986979365348816
1655.34881067276 0.9990234375
1665.6474487781525 0.999218761920929
1701.419471502304 1.0
1713.3939888477325 1.0
1723.4833652973175 0.9973958134651184
1733.7454931735992 0.998046875
1744.2102162837982 0.996874988079071
1780.6158378124237 1.0
1792.140303850174 0.99609375
1802.2937614917755 0.99609375
1812.6282260417938 0.9970703125
1823.2277781963348 0.9976562261581421
1857.4670498371124 1.0
