18.477699279785156 5.294332027435303
24.872166633605957 4.512467384338379
29.574315309524536 4.330456256866455
34.31015753746033 4.168768405914307
39.01573038101196 4.029134750366211
43.77406692504883 3.7620291709899902
48.63256096839905 3.388306140899658
53.36690425872803 3.2904727458953857
57.99699640274048 3.0181424617767334
62.67865252494812 2.653958797454834
67.35146260261536 2.5060877799987793
72.04385232925415 2.7232770919799805
76.6904194355011 2.282822847366333
81.33946013450623 2.267561912536621
85.99015712738037 2.0212202072143555
90.56379842758179 2.099740505218506
95.14528059959412 1.9301793575286865
99.75051712989807 1.7120494842529297
104.45909786224365 1.7420603036880493
109.1305627822876 1.608238697052002
138.18557715415955 1.488186240196228
144.5428020954132 1.4701392650604248
149.26719427108765 1.4425992965698242
154.01664972305298 1.2871341705322266
158.73107385635376 1.459397554397583
163.48005366325378 1.4427852630615234
168.17799758911133 1.242173433303833
172.81568813323975 1.1836762428283691
177.4739284515381 0.9324232339859009
182.06309628486633 1.317171335220337
186.75168585777283 1.029844045639038
191.38925004005432 1.032416582107544
196.10635352134705 0.9806966185569763
200.80570316314697 1.1812496185302734
205.3932590484619 0.7405937910079956
210.03810930252075 0.8984955549240112
214.6622612476349 0.8475039005279541
219.28750252723694 0.8066731691360474
223.91129183769226 0.987975537776947
228.54201197624207 0.8766145706176758
257.8780448436737 0.9853399991989136
264.22865176200867 0.9617575407028198
268.9551136493683 0.8742166757583618
273.6307895183563 0.9062333703041077
278.2851662635803 0.7911738157272339
282.9108736515045 0.9561767578125
287.6442472934723 0.65485680103302
292.2895152568817 0.5917739868164062
296.92821192741394 0.8570927977561951
301.6019630432129 0.6619629859924316
306.2202959060669 0.7465728521347046
310.8250162601471 0.7464461326599121
315.4804286956787 0.7103691101074219
320.1103205680847 0.9529103636741638
324.6997604370117 0.9036239981651306
329.31280612945557 0.7985345721244812
333.9219024181366 0.9271466135978699
338.53219079971313 0.6165722608566284
343.16971373558044 0.6416798830032349
347.8012065887451 0.6089657545089722
376.87464785575867 0.6371617317199707
383.2409873008728 0.7414124011993408
388.02342987060547 0.6429876089096069
392.71560859680176 0.7022037506103516
397.4341719150543 0.6646449565887451
402.12366771698 0.9404582977294922
406.8768846988678 0.6737427711486816
411.61599373817444 0.927628755569458
416.24436378479004 0.6409151554107666
420.9121525287628 0.6029837131500244
425.5547351837158 0.7425677180290222
430.2545475959778 0.6315275430679321
434.9719223976135 0.5396218299865723
439.64323592185974 0.61590176820755
444.2733311653137 0.5937669277191162
448.92999243736267 0.7461354732513428
453.5600461959839 0.6889978647232056
458.1713287830353 0.7017289996147156
462.83913803100586 0.7433522939682007
467.49215149879456 0.6226305961608887
496.5327696800232 0.6901988983154297
502.9778096675873 0.8448227643966675
507.6687881946564 0.6900393962860107
512.342679977417 0.6644183397293091
517.0231881141663 0.6825184226036072
521.7629370689392 0.9607939124107361
526.4780247211456 0.533941924571991
531.1056923866272 0.6572284698486328
535.8398699760437 0.5878264904022217
540.5749657154083 0.7476905584335327
545.3412902355194 0.6563288569450378
550.07439661026 0.753483235836029
554.773268699646 0.4881342053413391
559.454628944397 0.6659450531005859
564.1400415897369 0.6137034893035889
568.8497385978699 0.8161599636077881
573.5595939159393 0.6163867712020874
578.209668636322 0.8823577165603638
582.8672881126404 0.8783271908760071
587.598121881485 0.6715927124023438
616.441312789917 0.6147119998931885
622.8498895168304 0.5546772480010986
627.6265325546265 0.5735812783241272
632.3157978057861 0.49859094619750977
637.0515377521515 0.7130407094955444
641.722589969635 0.6387295722961426
646.3662762641907 0.6750161647796631
650.9874362945557 0.6080766916275024
655.6262254714966 0.5949524641036987
660.2308528423309 0.722145676612854
664.8360137939453 0.5771556496620178
669.4497282505035 0.7023279666900635
674.0749089717865 0.4921634793281555
678.6646711826324 0.6947691440582275
683.2785034179688 0.6484000086784363
687.8799993991852 0.5220471620559692
692.4842808246613 0.7511806488037109
697.1372318267822 0.7618447542190552
701.7688479423523 0.5649762153625488
706.3422348499298 0.6124793887138367
735.3811821937561 0.6150850057601929
741.7533776760101 0.8247665166854858
746.4782123565674 0.5159698724746704
751.2276377677917 0.6047426462173462
755.9581620693207 0.5814741849899292
760.7066032886505 0.5420340299606323
765.4041390419006 0.6129460334777832
770.1058530807495 0.9479390978813171
774.7532179355621 0.5802179574966431
779.3737969398499 0.5355935096740723
784.0430557727814 0.547839879989624
788.6622037887573 0.5893921852111816
793.3114454746246 0.5425189733505249
797.9598734378815 0.7570716142654419
802.5965330600739 0.5639306306838989
807.1969220638275 0.7062982320785522
811.8806383609772 0.5668256282806396
816.4872796535492 0.7509294748306274
821.1425676345825 0.6570541858673096
825.7829353809357 0.561339795589447
855.3566088676453 0.5956437587738037
861.8404667377472 0.5407631993293762
866.6157033443451 0.5496630668640137
871.3312661647797 0.5733085870742798
876.0144391059875 0.5707658529281616
880.6845965385437 0.5346294641494751
885.3974261283875 0.7002630233764648
890.1018023490906 0.6868239641189575
894.7621881961823 0.671964168548584
899.477391242981 0.5432578325271606
904.0938394069672 0.6929493546485901
908.7574815750122 0.6025165319442749
913.4283397197723 0.5850751399993896
918.0757937431335 0.7354580163955688
922.7851903438568 0.5885884761810303
927.4530329704285 0.7013823986053467
932.1116557121277 0.5418018102645874
936.741455078125 0.573201060295105
941.359845161438 0.5749280452728271
945.9725756645203 0.6414119005203247
975.4389066696167 0.6558033227920532
981.8537209033966 0.5303674936294556
986.5525152683258 0.5701651573181152
991.2577674388885 0.7281787395477295
995.8278450965881 0.5880601406097412
1000.4434843063354 0.646818995475769
1005.0925312042236 0.6145524978637695
1009.8263816833496 0.5546923875808716
1014.4710657596588 0.6620506048202515
1019.131297826767 0.650348961353302
1023.8209328651428 0.6623798608779907
1028.4844748973846 0.5789099931716919
1033.1101565361023 0.5403373837471008
1037.711804151535 0.47074851393699646
1042.3420543670654 0.6839433908462524
1047.0217247009277 0.687390923500061
1051.6532468795776 0.6011946201324463
1056.2405002117157 0.6699445247650146
1060.894971370697 0.569963812828064
1065.5390162467957 0.6135546565055847
1095.7777407169342 0.6348109245300293
1103.9338643550873 0.4447672963142395
1110.3713641166687 0.4231943190097809
1116.7936820983887 0.44742971658706665
1123.1921410560608 0.39910435676574707
1129.6793341636658 0.3397100269794464
1136.1603581905365 0.36934933066368103
1142.7069103717804 0.36292123794555664
1149.400113582611 0.3346235156059265
1156.1267840862274 0.3822968602180481
1188.424043416977 0.3420949876308441
1196.5440015792847 0.36424756050109863
1202.8863344192505 0.3423064947128296
1209.3083531856537 0.39195746183395386
1215.7028574943542 0.32572320103645325
1222.1452350616455 0.35071802139282227
1228.5806336402893 0.3294858932495117
1235.0570890903473 0.29652824997901917
1241.603191614151 0.3054827153682709
1248.283492565155 0.3572053015232086
1280.723594903946 0.32623597979545593
1288.7081091403961 0.3604452908039093
1295.1069707870483 0.3078455626964569
1301.5909416675568 0.30873188376426697
1308.0212290287018 0.29797160625457764
1314.4536757469177 0.3296334743499756
1320.9143981933594 0.29280558228492737
1327.3612616062164 0.2968802750110626
1333.967859506607 0.3300148844718933
1340.6886792182922 0.28509199619293213
1372.7974214553833 0.2787121832370758
1380.7926752567291 0.2785260081291199
1387.247582435608 0.28718066215515137
1393.6142973899841 0.2635817527770996
1400.1078386306763 0.2728842496871948
1406.6524155139923 0.2734323740005493
1413.176261663437 0.269104540348053
1419.7647857666016 0.27615177631378174
1426.529958486557 0.2778458893299103
1433.2705962657928 0.2898547947406769
1465.354275226593 0.25553596019744873
1476.8669543266296 0.25648123025894165
1486.7854945659637 0.24783828854560852
1496.91224193573 0.2455575168132782
1507.190719127655 0.25304114818573
1544.2572317123413 0.2498224824666977
1555.9861295223236 0.2512204945087433
1565.895617723465 0.2412547767162323
1575.970754623413 0.2460649460554123
1586.4259555339813 0.23321780562400818
1623.8158073425293 0.23672816157341003
1635.387119293213 0.23597271740436554
1645.2913935184479 0.2359600067138672
1655.34881067276 0.23065513372421265
1665.6474487781525 0.22769096493721008
1701.419471502304 0.22682304680347443
1713.3939888477325 0.22474220395088196
1723.4833652973175 0.23706254363059998
1733.7454931735992 0.22180822491645813
1744.2102162837982 0.23932410776615143
1780.6158378124237 0.21661676466464996
1792.140303850174 0.23835045099258423
1802.2937614917755 0.21884137392044067
1812.6282260417938 0.21395298838615417
1823.2277781963348 0.21328990161418915
1857.4670498371124 0.20876340568065643
