14.483151912689209 0.09375
21.246634244918823 0.203125
25.911229372024536 0.21875
30.58738374710083 0.2421875
35.20157170295715 0.26249998807907104
39.86282277107239 0.2916666567325592
44.584226846694946 0.2946428656578064
49.24419808387756 0.296875
53.91902256011963 0.3402777910232544
58.57289528846741 0.359375
63.219902753829956 0.39772728085517883
67.93506145477295 0.4244791567325592
72.61755275726318 0.44711539149284363
77.26676344871521 0.4620535671710968
81.97180652618408 0.4791666567325592
86.62450695037842 0.482421875
91.31808495521545 0.49632352590560913
96.00868129730225 0.5
100.67080187797546 0.5148026347160339
105.32076263427734 0.520312488079071
109.96230435371399 0.5282738208770752
114.6008517742157 0.5397727489471436
119.29043221473694 0.55027174949646
123.92190146446228 0.55078125
128.592027425766 0.5575000047683716
133.2848505973816 0.5637019276618958
137.94491696357727 0.5729166865348816
142.64346766471863 0.5837053656578064
147.2778284549713 0.5915948152542114
151.93459582328796 0.5958333611488342
156.6042377948761 0.6028226017951965
161.2909824848175 0.609375
166.29230785369873 0.6136363744735718
171.2048580646515 0.6222426295280457
176.1669454574585 0.6258928775787354
181.09404397010803 0.6319444179534912
186.04756426811218 0.6359797120094299
191.00062108039856 0.6398026347160339
195.91926860809326 0.6474359035491943
200.87834358215332 0.6507812738418579
226.58194994926453 0.96875
233.35238909721375 0.90625
238.12380290031433 0.8541666865348816
243.14021229743958 0.828125
248.13716173171997 0.8062499761581421
253.1253957748413 0.8125
258.118447303772 0.8035714030265808
263.1103162765503 0.81640625
268.1156003475189 0.8194444179534912
273.0843515396118 0.8187500238418579
278.07454895973206 0.8210227489471436
283.02104449272156 0.8177083134651184
288.02046394348145 0.8197115659713745
292.96269822120667 0.8191964030265808
297.90690326690674 0.8229166865348816
302.97440457344055 0.822265625
307.8976585865021 0.8235294222831726
312.89198565483093 0.828125
317.8497221469879 0.8305920958518982
322.8254888057709 0.8296874761581421
327.81280732154846 0.8258928656578064
332.80197930336 0.828125
337.7486081123352 0.8274456262588501
342.75735998153687 0.8268229365348816
347.7177937030792 0.8274999856948853
352.70670533180237 0.828125
357.6532793045044 0.8287037014961243
362.64101219177246 0.8337053656578064
367.6300024986267 0.8340517282485962
372.5769934654236 0.8343750238418579
377.58359479904175 0.8377016186714172
382.57976818084717 0.8408203125
387.5498003959656 0.84375
392.57204961776733 0.84375
397.5318419933319 0.8419643044471741
402.5329477787018 0.84375
407.4449553489685 0.8462837934494019
412.4317057132721 0.8470394611358643
417.372638463974 0.8477563858032227
422.35805654525757 0.848437488079071
448.03026843070984 1.0
454.81937050819397 0.953125
459.73334097862244 0.9375
464.6874244213104 0.8984375
469.6963586807251 0.8687499761581421
474.72991394996643 0.8802083134651184
479.76994585990906 0.8526785969734192
484.756067276001 0.8515625
489.7465612888336 0.8541666865348816
494.7383577823639 0.856249988079071
499.735387802124 0.8522727489471436
504.75125432014465 0.8489583134651184
509.7164511680603 0.84375
514.7447340488434 0.8482142686843872
519.7736036777496 0.8541666865348816
524.7433505058289 0.85546875
529.7229037284851 0.8584558963775635
534.7450580596924 0.8576388955116272
539.7166473865509 0.8601973652839661
544.6921746730804 0.864062488079071
549.6708900928497 0.8616071343421936
554.6693339347839 0.8650568127632141
559.6917765140533 0.8682065010070801
564.6908593177795 0.8671875
569.6631758213043 0.8687499761581421
574.6453895568848 0.8689903616905212
579.651439666748 0.8692129850387573
584.675623178482 0.8694196343421936
589.7131857872009 0.8706896305084229
594.7501981258392 0.8697916865348816
599.7464063167572 0.8739919066429138
604.7861347198486 0.875
609.774041891098 0.875
614.7633121013641 0.876838207244873
619.7546775341034 0.8767856955528259
624.7604627609253 0.8776041865348816
629.7623283863068 0.8783783912658691
634.736866235733 0.8782894611358643
639.700270652771 0.8782051205635071
644.6805787086487 0.8773437738418579
670.2135133743286 1.0
677.040869474411 0.984375
681.7144203186035 0.9375
686.448203086853 0.9140625
691.1953880786896 0.8999999761581421
695.9277729988098 0.890625
700.8555974960327 0.8705357313156128
705.8247091770172 0.875
710.8200578689575 0.8854166865348816
715.8277583122253 0.887499988079071
720.7867841720581 0.8920454382896423
725.8053331375122 0.8932291865348816
730.789778470993 0.8918269276618958
735.7962040901184 0.8950892686843872
740.78337931633 0.8999999761581421
745.7532238960266 0.896484375
750.7207386493683 0.8952205777168274
755.6606602668762 0.8993055820465088
760.6274678707123 0.8996710777282715
765.6469669342041 0.903124988079071
770.6385357379913 0.8973214030265808
775.5900185108185 0.9005681872367859
780.5586652755737 0.9021739363670349
785.4663224220276 0.8984375
790.417546749115 0.8962500095367432
795.3729836940765 0.8966346383094788
800.3926014900208 0.8969907164573669
805.3851761817932 0.8984375
810.3419854640961 0.8987069129943848
815.3160226345062 0.8989583253860474
820.2860674858093 0.9002016186714172
825.275101184845 0.9013671875
830.2397799491882 0.8996211886405945
835.2279145717621 0.8988970518112183
840.2174377441406 0.8991071581840515
845.2053134441376 0.9001736044883728
850.1966514587402 0.900337815284729
855.2180426120758 0.9004934430122375
860.2427878379822 0.8990384340286255
865.2462940216064 0.8999999761581421
890.5037221908569 1.0
897.2974600791931 0.9375
902.0428667068481 0.9166666865348816
907.0187120437622 0.90625
912.0006947517395 0.8812500238418579
916.9805023670197 0.890625
922.0019624233246 0.8794642686843872
926.9575901031494 0.8828125
931.9205493927002 0.8854166865348816
936.9674291610718 0.887499988079071
941.9980685710907 0.8892045617103577
947.0258340835571 0.8854166865348816
951.9954135417938 0.8918269276618958
957.0357432365417 0.8950892686843872
962.0534360408783 0.9020833373069763
967.075198173523 0.896484375
972.1150579452515 0.8970588445663452
977.1052577495575 0.8975694179534912
982.1051721572876 0.8947368264198303
987.0742092132568 0.8984375
992.1329798698425 0.894345223903656
997.2197296619415 0.8963068127632141
1002.2084844112396 0.895380437374115
1007.2557430267334 0.8932291865348816
1012.251758813858 0.8912500143051147
1017.2409374713898 0.8930288553237915
1022.2550857067108 0.8923611044883728
1027.2675597667694 0.8928571343421936
1032.2960426807404 0.8933189511299133
1037.344714641571 0.8947916626930237
1042.3593537807465 0.8981854915618896
1047.3844780921936 0.8984375
1052.3990161418915 0.9005681872367859
1057.350524187088 0.8998161554336548
1062.328949213028 0.8991071581840515
1067.3268649578094 0.8993055820465088
1072.3686273097992 0.9011824131011963
1077.3901765346527 0.9021381735801697
1082.369069814682 0.9022436141967773
1087.345985174179 0.90234375
1113.2210066318512 0.90625
1120.0530252456665 0.9375
1124.7028965950012 0.8854166865348816
1129.4059731960297 0.8828125
1134.10200881958 0.875
1138.8004641532898 0.8802083134651184
1143.4766836166382 0.8705357313156128
1148.1950299739838 0.875
1152.8968107700348 0.8784722089767456
1157.5844013690948 0.8812500238418579
1162.2432072162628 0.875
1166.932734966278 0.875
1171.6287412643433 0.8725961446762085
1176.3165323734283 0.8772321343421936
1180.9998948574066 0.8812500238418579
1185.6714425086975 0.8828125
1190.2985739707947 0.8860294222831726
1194.9653968811035 0.8888888955116272
1199.6348059177399 0.8898026347160339
1204.3175189495087 0.887499988079071
1208.9714426994324 0.882440447807312
1213.6511225700378 0.8863636255264282
1218.3558626174927 0.88451087474823
1223.0878632068634 0.8854166865348816
1227.767612695694 0.887499988079071
1232.4750039577484 0.8894230723381042
1237.1676762104034 0.8900462985038757
1241.8560621738434 0.8928571343421936
1246.8109560012817 0.8943965435028076
1251.7231049537659 0.8916666507720947
1256.6614029407501 0.8941532373428345
1261.6296916007996 0.89453125
1266.5320672988892 0.8977272510528564
1271.53972530365 0.8998161554336548
1276.4798090457916 0.8999999761581421
1281.5329763889313 0.8993055820465088
1286.4791045188904 0.8986486196517944
1291.4572484493256 0.8996710777282715
1296.437021970749 0.901442289352417
1301.4297423362732 0.90234375
1327.1352245807648 0.96875
1333.97136592865 0.921875
1338.6525032520294 0.8958333134651184
1343.3970749378204 0.875
1348.4119741916656 0.875
1353.3954858779907 0.890625
1358.3424804210663 0.8705357313156128
1363.2936317920685 0.88671875
1368.2757105827332 0.8854166865348816
1373.3066158294678 0.887499988079071
1378.3253047466278 0.8892045617103577
1383.3434982299805 0.8802083134651184
1388.3593735694885 0.879807710647583
1393.3863308429718 0.8816964030265808
1398.4214265346527 0.8833333253860474
1403.4211974143982 0.880859375
1408.4338006973267 0.8823529481887817
1413.4342226982117 0.8819444179534912
1418.4783020019531 0.8832237124443054
1423.4196474552155 0.8890625238418579
1428.420666217804 0.8854166865348816
1433.4251432418823 0.8877840638160706
1438.4703724384308 0.8885869383811951
1443.4712908267975 0.8880208134651184
1448.4757044315338 0.887499988079071
1453.4371769428253 0.8870192170143127
1458.459757566452 0.8888888955116272
1463.4397830963135 0.8917410969734192
1468.4394006729126 0.8954741358757019
1473.392139673233 0.8947916626930237
1478.3950963020325 0.8951612710952759
1483.3251626491547 0.8984375
1488.319530248642 0.8996211886405945
1493.3262276649475 0.8998161554336548
1498.3549938201904 0.8991071581840515
1503.4223041534424 0.8984375
1508.4229974746704 0.900337815284729
1513.4542067050934 0.8980262875556946
1518.4277138710022 0.8990384340286255
1523.3914308547974 0.8984375
1549.4778697490692 0.96875
1556.3506889343262 0.90625
1561.0132744312286 0.90625
1565.6534566879272 0.9140625
1570.2910470962524 0.8999999761581421
1575.0073506832123 0.90625
1579.7124354839325 0.90625
1584.3916285037994 0.90234375
1589.1128706932068 0.9027777910232544
1594.0776000022888 0.90625
1599.048279762268 0.90625
1604.0031778812408 0.9088541865348816
1608.967925310135 0.901442289352417
1613.9342885017395 0.9040178656578064
1618.86492061615 0.9083333611488342
1623.877792596817 0.912109375
1628.7630648612976 0.9117646813392639
1633.752464056015 0.9114583134651184
1638.7586832046509 0.9128289222717285
1643.77486038208 0.9156249761581421
1648.7181646823883 0.9077380895614624
1653.6883132457733 0.9105113744735718
1658.674309015274 0.9130434989929199
1663.6398293972015 0.91015625
1668.629422903061 0.9137499928474426
1673.6184389591217 0.9146634340286255
1678.5545156002045 0.9155092835426331
1683.5805268287659 0.9174107313156128
1688.610651731491 0.9191810488700867
1693.5881814956665 0.9197916388511658
1698.5440151691437 0.9223790168762207
1703.5394034385681 0.9248046875
1708.5576355457306 0.9242424368858337
1713.4844241142273 0.9255514740943909
1718.4466695785522 0.9258928298950195
1723.415218114853 0.9227430820465088
1728.438500404358 0.9239864945411682
1733.4184219837189 0.9251644611358643
1738.4254639148712 0.9262820482254028
1743.3885567188263 0.925000011920929
1769.3157670497894 1.0
1776.1556074619293 0.953125
1780.7828476428986 0.9375
1785.393863916397 0.8984375
1790.0021378993988 0.887499988079071
1794.6176285743713 0.90625
1799.2919127941132 0.9017857313156128
1803.9881269931793 0.90234375
1808.6890087127686 0.8993055820465088
1813.4227886199951 0.90625
1818.1195123195648 0.90625
1822.8165254592896 0.90625
1827.5114998817444 0.911057710647583
1832.2627034187317 0.90625
1836.9530010223389 0.9104166626930237
1841.638411283493 0.91015625
1846.2944405078888 0.9117646813392639
1850.9699046611786 0.9131944179534912
1855.6549000740051 0.9095394611358643
1860.302039861679 0.910937488079071
1865.0010447502136 0.9107142686843872
1869.7182619571686 0.9105113744735718
1874.421112537384 0.9089673757553101
1879.1049318313599 0.9075520634651184
1883.9433205127716 0.9049999713897705
1888.9203312397003 0.90625
1893.907413482666 0.90625
1898.8567411899567 0.90625
1903.8425586223602 0.9094827771186829
1908.8515269756317 0.909375011920929
1913.8203892707825 0.9102822542190552
1918.8346700668335 0.9130859375
1923.8632571697235 0.9128788113594055
1928.8485524654388 0.9126838445663452
1933.797874212265 0.9133928418159485
1938.7967665195465 0.9123263955116272
1943.8301396369934 0.9130067825317383
1948.779182434082 0.9136512875556946
1953.7705078125 0.9142628312110901
1958.7748546600342 0.9125000238418579
1983.9995279312134 1.0
1990.9274985790253 0.984375
1995.5948371887207 0.9791666865348816
2000.3242819309235 0.921875
2005.0159158706665 0.8999999761581421
2009.7540452480316 0.90625
2014.395316362381 0.9107142686843872
2019.1026692390442 0.921875
2023.8366243839264 0.9270833134651184
2028.5563492774963 0.9312499761581421
2033.2745761871338 0.9318181872367859
2037.9854638576508 0.9296875
2042.7127022743225 0.932692289352417
2047.3920488357544 0.9352678656578064
2052.098429441452 0.9375
2056.79274559021 0.935546875
2061.473372936249 0.9375
2066.1686334609985 0.9409722089767456
2070.817358016968 0.9440789222717285
2075.4880306720734 0.9468749761581421
2080.1641359329224 0.949404776096344
2084.901391029358 0.9502840638160706
2089.578778028488 0.9524456262588501
2094.4950206279755 0.953125
2099.4813706874847 0.9549999833106995
2104.4634504318237 0.9567307829856873
2109.468006849289 0.9583333134651184
2114.5069382190704 0.9598214030265808
2119.4533276557922 0.9612069129943848
2124.176174879074 0.9614583253860474
2128.814417362213 0.961693525314331
2133.5136268138885 0.962890625
2138.4704852104187 0.9630681872367859
2143.422180891037 0.9632353186607361
2148.45477437973 0.9642857313156128
2153.4710342884064 0.9652777910232544
2158.4615643024445 0.9653716087341309
2163.518587589264 0.9654605388641357
2168.504117488861 0.9663461446762085
2173.454954147339 0.9664062261581421
2199.374503850937 1.0
2206.223550796509 0.984375
2210.910601377487 0.9791666865348816
2215.674291372299 0.96875
2220.4904487133026 0.96875
2225.4621076583862 0.9739583134651184
2230.3846452236176 0.9776785969734192
2235.340428352356 0.98046875
2240.3008999824524 0.9791666865348816
2245.2413086891174 0.9781249761581421
2250.220201253891 0.9801136255264282
2255.174234390259 0.9817708134651184
2260.1086452007294 0.9831730723381042
2265.118334531784 0.984375
2270.0826556682587 0.9854166507720947
2275.0464239120483 0.984375
2280.035612344742 0.9834558963775635
2284.9627208709717 0.984375
2289.903371334076 0.9835526347160339
2294.9029819965363 0.984375
2299.8453645706177 0.9851190447807312
2304.823893547058 0.984375
2309.8393750190735 0.9850543737411499
2314.785171508789 0.9856770634651184
2319.7665495872498 0.9862499833106995
2324.7426772117615 0.9867788553237915
2329.696266412735 0.9872685074806213
2334.6728336811066 0.9877232313156128
2339.6843688488007 0.9881465435028076
2344.659964323044 0.9885416626930237
2349.6343791484833 0.9889112710952759
2354.582221508026 0.9892578125
2359.5670392513275 0.9886363744735718
2364.5085690021515 0.9889705777168274
2369.516486644745 0.9892857074737549
2374.4865770339966 0.9878472089767456
2379.4542570114136 0.9881756901741028
2384.4383478164673 0.9884868264198303
2389.417135000229 0.9887820482254028
2394.446224451065 0.989062488079071
2420.1730196475983 1.0
2427.03005027771 1.0
2431.708971977234 1.0
2436.6735157966614 1.0
2441.666651248932 0.987500011920929
2446.57612323761 0.9895833134651184
2451.564111471176 0.9910714030265808
2456.482419013977 0.9921875
2461.4424834251404 0.9930555820465088
2466.422014951706 0.9937499761581421
2471.370843410492 0.9943181872367859
2476.3400254249573 0.9895833134651184
2481.307499408722 0.9903846383094788
2486.3012776374817 0.9910714030265808
2491.2846767902374 0.9916666746139526
2496.2423861026764 0.9921875
2501.2169828414917 0.9926470518112183
2506.2418739795685 0.9930555820465088
2511.1654484272003 0.9934210777282715
2516.1320974826813 0.9937499761581421
2521.1093480587006 0.9940476417541504
2526.0739617347717 0.9943181872367859
2531.011570215225 0.9945651888847351
2535.980541944504 0.9947916865348816
2540.9684059619904 0.9950000047683716
2545.9607224464417 0.995192289352417
2550.9354150295258 0.9953703880310059
2555.8554272651672 0.9944196343421936
2560.849594593048 0.9946120977401733
2565.849834918976 0.9937499761581421
2570.7715363502502 0.9939516186714172
2575.733468055725 0.994140625
2580.675885915756 0.9943181872367859
2585.670145511627 0.9935661554336548
2590.6744639873505 0.9937499761581421
2595.6806864738464 0.9939236044883728
2600.6606895923615 0.994087815284729
2605.60315823555 0.9942434430122375
2610.5804858207703 0.9943910241127014
2615.522407770157 0.9945312738418579
2641.7309126853943 1.0
2648.494051218033 1.0
2653.212666273117 0.9895833134651184
2657.9305653572083 0.984375
2662.912132501602 0.981249988079071
2667.8716971874237 0.9791666865348816
2672.8581070899963 0.9821428656578064
2677.852126121521 0.984375
2682.871071577072 0.9861111044883728
2687.892741918564 0.987500011920929
2692.871099948883 0.9886363744735718
2697.8430898189545 0.9895833134651184
2702.8326609134674 0.9903846383094788
2707.7914547920227 0.9888392686843872
2712.8442137241364 0.9895833134651184
2717.824854373932 0.98828125
2722.773771047592 0.9871323704719543
2727.7423746585846 0.9878472089767456
2732.6885492801666 0.9884868264198303
2737.663578271866 0.989062488079071
2742.6166739463806 0.9895833134651184
2747.598221063614 0.9900568127632141
2752.597549676895 0.99048912525177
2757.58251619339 0.9908854365348816
2762.618810415268 0.9912499785423279
2767.5524322986603 0.9915865659713745
2772.6005506515503 0.9918981194496155
2777.609426021576 0.9910714030265808
2782.5508892536163 0.9913793206214905
2787.511888742447 0.9916666746139526
2792.535568714142 0.9919354915618896
2797.4946093559265 0.9921875
2802.503353357315 0.9924242496490479
2807.4908905029297 0.9926470518112183
2812.4711694717407 0.9928571581840515
2817.477151155472 0.9930555820465088
2822.437195301056 0.9923986196517944
2827.4326272010803 0.9925987124443054
2832.3718950748444 0.9927884340286255
2837.3626651763916 0.992968738079071
2863.4955587387085 1.0
2870.3796379566193 0.984375
2875.109593153 0.9791666865348816
2879.7881417274475 0.9765625
2884.4897906780243 0.9750000238418579
2889.2530751228333 0.9791666865348816
2894.032630443573 0.9821428656578064
2898.8499071598053 0.98046875
2903.861883878708 0.9826388955116272
2908.915442943573 0.984375
2913.8833215236664 0.9857954382896423
2918.888640165329 0.984375
2923.928258895874 0.9855769276618958
2928.9614577293396 0.9866071343421936
2933.9506072998047 0.987500011920929
2938.9462604522705 0.986328125
2943.992599248886 0.9871323704719543
2949.082317829132 0.9878472089767456
2954.0905237197876 0.9884868264198303
2959.018523454666 0.989062488079071
2964.067957162857 0.9895833134651184
2969.0667355060577 0.9900568127632141
2974.0423216819763 0.99048912525177
2979.057383775711 0.9908854365348816
2984.003437280655 0.9912499785423279
2988.981216430664 0.9915865659713745
2993.9566469192505 0.9918981194496155
2998.9753143787384 0.9921875
3004.000467777252 0.9924569129943848
3009.0718092918396 0.9927083253860474
3014.0773544311523 0.992943525314331
3019.07509970665 0.9931640625
3024.0681924819946 0.9933711886405945
3029.0705935955048 0.9935661554336548
3034.03160905838 0.9937499761581421
3039.0689554214478 0.9939236044883728
3044.0391776561737 0.994087815284729
3049.0065083503723 0.9942434430122375
3054.013064146042 0.9943910241127014
3059.0525505542755 0.9945312738418579
3084.436208963394 1.0
3091.420068502426 1.0
3096.117710828781 1.0
3100.759558916092 1.0
3105.452656984329 1.0
3110.1530480384827 1.0
3114.843386411667 1.0
3119.5821239948273 1.0
3124.235948085785 1.0
3128.857172012329 1.0
3133.584033727646 1.0
3138.234936475754 1.0
3142.911535024643 1.0
3147.759075164795 1.0
3152.7116091251373 1.0
3157.671924829483 1.0
3162.600576877594 1.0
3167.5548231601715 1.0
3172.496551990509 0.9983552694320679
3177.4204342365265 0.9984375238418579
3182.3693175315857 0.9985119104385376
3187.3237323760986 0.9971590638160706
3192.3397459983826 0.9972826242446899
3197.305045604706 0.9973958134651184
3202.282057762146 0.9975000023841858
3207.216581106186 0.9975961446762085
3212.172256231308 0.9976851940155029
3217.109881401062 0.9977678656578064
3222.070655822754 0.9978448152542114
3226.988935947418 0.9979166388511658
3231.972701072693 0.9979838728904724
3236.950215101242 0.998046875
3241.9483914375305 0.998106062412262
3246.8718996047974 0.998161792755127
3251.82155418396 0.9982143044471741
3256.784444093704 0.9982638955116272
3261.709191083908 0.9983108043670654
3266.681634902954 0.9983552694320679
3271.622620344162 0.9983974099159241
3276.6231989860535 0.9984375238418579
3302.547436237335 1.0
3309.499768972397 1.0
3314.2102205753326 0.9895833134651184
3318.9493346214294 0.9921875
3323.6665391921997 0.9937499761581421
3328.64492726326 0.9947916865348816
3333.621393442154 0.9955357313156128
3338.5919721126556 0.99609375
3343.592393875122 0.9965277910232544
3348.584021806717 0.996874988079071
3353.5612564086914 0.9971590638160706
3358.53622508049 0.9973958134651184
3363.54367852211 0.9975961446762085
3368.5593144893646 0.9977678656578064
3373.5851740837097 0.9979166388511658
3378.7145807743073 0.998046875
3383.734483242035 0.998161792755127
3388.747801542282 0.9982638955116272
3393.821261405945 0.9983552694320679
3398.8238134384155 0.9984375238418579
3403.8648557662964 0.9985119104385376
3408.8230741024017 0.9985795617103577
3413.8844203948975 0.998641312122345
3418.845621109009 0.9986979365348816
3423.869521856308 0.9987499713897705
3428.9155838489532 0.9987980723381042
3433.9796261787415 0.9988425970077515
3438.988891363144 0.9988839030265808
3444.046854734421 0.9989224076271057
3449.017167329788 0.9989583492279053
3454.0308573246 0.9989919066429138
3459.070572376251 0.9990234375
3464.108345746994 0.9990530014038086
3469.1411163806915 0.9990808963775635
3474.1077797412872 0.9991071224212646
3479.123383998871 0.9991319179534912
3484.127646923065 0.9991554021835327
3489.1181542873383 0.9991776347160339
3494.1796646118164 0.9991987347602844
3499.211854696274 0.999218761920929
3525.3487515449524 1.0
3532.2838530540466 1.0
3536.9279453754425 1.0
3541.626753807068 1.0
3546.376592874527 0.9937499761581421
3551.1820430755615 0.9947916865348816
3556.2529792785645 0.9955357313156128
3561.2219054698944 0.99609375
3566.279880285263 0.9965277910232544
3571.2628943920135 0.996874988079071
3576.282921075821 0.9971590638160706
3581.3444967269897 0.9973958134651184
3586.3407452106476 0.9975961446762085
3591.3795113563538 0.9977678656578064
3596.486552000046 0.9979166388511658
3601.540703058243 0.998046875
3606.5606677532196 0.998161792755127
3611.5776476860046 0.9965277910232544
3616.6045553684235 0.9967105388641357
3621.6476957798004 0.996874988079071
3626.65247130394 0.9970238208770752
3631.7508447170258 0.9971590638160706
3636.793770313263 0.9972826242446899
3641.836897134781 0.9973958134651184
3646.850250720978 0.9975000023841858
3651.8440663814545 0.9975961446762085
3656.8471331596375 0.9976851940155029
3661.848818540573 0.9977678656578064
3666.8737921714783 0.9978448152542114
3671.888008117676 0.9979166388511658
3676.945363998413 0.9979838728904724
3681.9838786125183 0.998046875
3687.0416560173035 0.998106062412262
3692.0778234004974 0.998161792755127
3697.124611377716 0.9982143044471741
3702.164572954178 0.9982638955116272
3707.205330133438 0.9983108043670654
3712.2711124420166 0.9983552694320679
3717.3429753780365 0.9983974099159241
3722.3916363716125 0.9984375238418579
3748.703241586685 1.0
3755.5345273017883 1.0
3760.2262222766876 1.0
3765.027029275894 1.0
3770.0268499851227 1.0
3775.04052901268 1.0
3779.995803117752 1.0
3784.991947889328 0.99609375
3789.987763404846 0.9965277910232544
3794.968288421631 0.996874988079071
3799.9974579811096 0.9971590638160706
3805.0221569538116 0.9973958134651184
3810.0310051441193 0.9975961446762085
3815.1083660125732 0.9977678656578064
3820.178546190262 0.9979166388511658
3825.189658641815 0.998046875
3830.20622587204 0.998161792755127
3835.2025825977325 0.9982638955116272
3840.2109529972076 0.9983552694320679
3845.220552921295 0.9984375238418579
3850.1831748485565 0.9985119104385376
3855.2546770572662 0.9985795617103577
3860.2802126407623 0.998641312122345
3865.342896461487 0.9986979365348816
3870.3581478595734 0.9987499713897705
3875.3682794570923 0.9987980723381042
3880.407988548279 0.9988425970077515
3885.440063238144 0.9988839030265808
3890.425446510315 0.9989224076271057
3895.404406785965 0.9989583492279053
3900.455577850342 0.9989919066429138
3905.4546303749084 0.9990234375
3910.446343421936 0.9990530014038086
3915.4152030944824 0.9990808963775635
3920.4325518608093 0.9991071224212646
3925.403439283371 0.9991319179534912
3930.4202048778534 0.9991554021835327
3935.4415810108185 0.9991776347160339
3940.4211966991425 0.9991987347602844
3945.4625475406647 0.999218761920929
3971.4329051971436 1.0
3978.193336248398 1.0
3982.886467933655 1.0
3987.618201494217 1.0
3992.5820591449738 1.0
3997.566787481308 1.0
4002.5805888175964 1.0
4007.5544629096985 1.0
