14.483151912689209 4.994531631469727
21.246634244918823 2.4468870162963867
25.911229372024536 2.3338780403137207
30.58738374710083 2.096062660217285
35.20157170295715 2.2617604732513428
39.86282277107239 1.9096639156341553
44.584226846694946 2.217421531677246
49.24419808387756 1.9152474403381348
53.91902256011963 1.4425263404846191
58.57289528846741 1.6788890361785889
63.219902753829956 1.4107698202133179
67.93506145477295 1.5622271299362183
72.61755275726318 1.2890427112579346
77.26676344871521 1.315410852432251
81.97180652618408 1.2013527154922485
86.62450695037842 1.5660057067871094
91.31808495521545 1.2511591911315918
96.00868129730225 1.5251357555389404
100.67080187797546 1.0021305084228516
105.32076263427734 1.3494594097137451
109.96230435371399 1.1992571353912354
114.6008517742157 1.026674747467041
119.29043221473694 0.8758876323699951
123.92190146446228 1.4124846458435059
128.592027425766 1.143559217453003
133.2848505973816 1.1032090187072754
137.94491696357727 0.9641097784042358
142.64346766471863 0.6741861701011658
147.2778284549713 0.7786836624145508
151.93459582328796 0.9441467523574829
156.6042377948761 0.7968007922172546
161.2909824848175 0.7248057126998901
166.29230785369873 0.9576364755630493
171.2048580646515 0.6918458938598633
176.1669454574585 1.0457240343093872
181.09404397010803 0.7127076387405396
186.04756426811218 0.7304791808128357
191.00062108039856 0.8350481986999512
195.91926860809326 0.6572667360305786
200.87834358215332 0.999813437461853
226.58194994926453 0.4310740530490875
233.35238909721375 0.6885501146316528
238.12380290031433 0.7842199206352234
243.14021229743958 0.942451000213623
248.13716173171997 0.998916506767273
253.1253957748413 0.6805558800697327
258.118447303772 1.0240716934204102
263.1103162765503 0.6119939088821411
268.1156003475189 0.6508612036705017
273.0843515396118 0.8100722432136536
278.07454895973206 0.7342960834503174
283.02104449272156 1.0295357704162598
288.02046394348145 0.9143105745315552
292.96269822120667 0.7063095569610596
297.90690326690674 0.5471314787864685
302.97440457344055 0.7508906126022339
307.8976585865021 0.6640310287475586
312.89198565483093 0.5871099829673767
317.8497221469879 0.5865838527679443
322.8254888057709 0.8238153457641602
327.81280732154846 0.8387067317962646
332.80197930336 0.6469792127609253
337.7486081123352 0.7503454089164734
342.75735998153687 0.9856371283531189
347.7177937030792 0.6184881925582886
352.70670533180237 0.7246842384338379
357.6532793045044 0.6039801836013794
362.64101219177246 0.4237132668495178
367.6300024986267 0.6514617800712585
372.5769934654236 0.7591328024864197
377.58359479904175 0.4577847123146057
382.57976818084717 0.526302695274353
387.5498003959656 0.6024404764175415
392.57204961776733 0.7218916416168213
397.5318419933319 0.6133550405502319
402.5329477787018 0.6613870859146118
407.4449553489685 0.5429551601409912
412.4317057132721 0.624096155166626
417.372638463974 0.6209899187088013
422.35805654525757 0.6063704490661621
448.03026843070984 0.38151079416275024
454.81937050819397 0.6144487857818604
459.73334097862244 0.7414569854736328
464.6874244213104 0.9188556671142578
469.6963586807251 0.948502242565155
474.72991394996643 0.47228705883026123
479.76994585990906 1.2927892208099365
484.756067276001 0.6363779306411743
489.7465612888336 0.5916056632995605
494.7383577823639 0.6012057662010193
499.735387802124 0.7886881828308105
504.75125432014465 0.9805251359939575
509.7164511680603 0.8291931748390198
514.7447340488434 0.6225887537002563
519.7736036777496 0.4870965778827667
524.7433505058289 0.6734501123428345
529.7229037284851 0.5966995358467102
534.7450580596924 0.6998201012611389
539.7166473865509 0.592755913734436
544.6921746730804 0.5211130976676941
549.6708900928497 0.8537059426307678
554.6693339347839 0.6017054319381714
559.6917765140533 0.5415138006210327
564.6908593177795 0.6807675957679749
569.6631758213043 0.5117096304893494
574.6453895568848 0.6263424158096313
579.651439666748 0.5756860971450806
584.675623178482 0.5191081762313843
589.7131857872009 0.4812453091144562
594.7501981258392 0.8332632780075073
599.7464063167572 0.4015761613845825
604.7861347198486 0.514438271522522
609.774041891098 0.6687197685241699
614.7633121013641 0.5684505105018616
619.7546775341034 0.7360967993736267
624.7604627609253 0.5838409662246704
629.7623283863068 0.5757976770401001
634.736866235733 0.7461652755737305
639.700270652771 0.52837735414505
644.6805787086487 0.7690199613571167
670.2135133743286 0.358490526676178
677.040869474411 0.4705791473388672
681.7144203186035 0.6129157543182373
686.448203086853 0.7264264822006226
691.1953880786896 0.7649776935577393
695.9277729988098 0.6161562204360962
700.8555974960327 1.00070059299469
705.8247091770172 0.6360375881195068
710.8200578689575 0.48703938722610474
715.8277583122253 0.5921798944473267
720.7867841720581 0.5781682729721069
725.8053331375122 0.5933068990707397
730.789778470993 0.6085235476493835
735.7962040901184 0.6034517288208008
740.78337931633 0.4088219702243805
745.7532238960266 0.7904319167137146
750.7207386493683 0.7418237924575806
755.6606602668762 0.5411899089813232
760.6274678707123 0.5236619710922241
765.6469669342041 0.6119351983070374
770.6385357379913 0.7801654934883118
775.5900185108185 0.4498870074748993
780.5586652755737 0.47860535979270935
785.4663224220276 0.7997482419013977
790.417546749115 0.5562552213668823
795.3729836940765 0.5906182527542114
800.3926014900208 0.6401311159133911
805.3851761817932 0.5483498573303223
810.3419854640961 0.5546015501022339
815.3160226345062 0.6629683971405029
820.2860674858093 0.449946790933609
825.275101184845 0.5065860748291016
830.2397799491882 0.7402594685554504
835.2279145717621 0.648746132850647
840.2174377441406 0.6565656661987305
845.2053134441376 0.5594980716705322
850.1966514587402 0.5572254061698914
855.2180426120758 0.48610785603523254
860.2427878379822 0.5809961557388306
865.2462940216064 0.6095166206359863
890.5037221908569 0.3584249019622803
897.2974600791931 0.6488321423530579
902.0428667068481 0.6049222946166992
907.0187120437622 0.6790279746055603
912.0006947517395 0.8605629205703735
916.9805023670197 0.48353615403175354
922.0019624233246 0.8343666791915894
926.9575901031494 0.6335426568984985
931.9205493927002 0.5976299047470093
936.9674291610718 0.5052201151847839
941.9980685710907 0.5473372936248779
947.0258340835571 1.0061811208724976
951.9954135417938 0.5154777765274048
957.0357432365417 0.4645655155181885
962.0534360408783 0.3994179368019104
967.075198173523 0.7735311985015869
972.1150579452515 0.5331249833106995
977.1052577495575 0.6049588918685913
982.1051721572876 0.6379953622817993
987.0742092132568 0.5016287565231323
992.1329798698425 0.7408965826034546
997.2197296619415 0.5075805187225342
1002.2084844112396 0.6884844303131104
1007.2557430267334 0.6878839731216431
1012.251758813858 0.6580358743667603
1017.2409374713898 0.5864996314048767
1022.2550857067108 0.6187627911567688
1027.2675597667694 0.665635347366333
1032.2960426807404 0.5972898602485657
1037.344714641571 0.608588695526123
1042.3593537807465 0.4301838278770447
1047.3844780921936 0.5414441823959351
1052.3990161418915 0.5247067213058472
1057.350524187088 0.6018022894859314
1062.328949213028 0.6161141395568848
1067.3268649578094 0.6347802877426147
1072.3686273097992 0.5221421718597412
1077.3901765346527 0.5998640656471252
1082.369069814682 0.6795288324356079
1087.345985174179 0.6398460268974304
1113.2210066318512 0.5644780993461609
1120.0530252456665 0.4758896827697754
1124.7028965950012 0.7761995196342468
1129.4059731960297 0.7033263444900513
1134.10200881958 0.7892659306526184
1138.8004641532898 0.5393050312995911
1143.4766836166382 0.8148112297058105
1148.1950299739838 0.656758189201355
1152.8968107700348 0.5661391019821167
1157.5844013690948 0.68781977891922
1162.2432072162628 0.7190774083137512
1166.932734966278 0.7798249125480652
1171.6287412643433 0.6735522747039795
1176.3165323734283 0.5204161405563354
1180.9998948574066 0.49458077549934387
1185.6714425086975 0.6050355434417725
1190.2985739707947 0.5579067468643188
1194.9653968811035 0.5232301950454712
1199.6348059177399 0.6395665407180786
1204.3175189495087 0.5840572118759155
1208.9714426994324 0.7806357145309448
1213.6511225700378 0.48020920157432556
1218.3558626174927 0.6245756149291992
1223.0878632068634 0.6687548160552979
1227.767612695694 0.5626373291015625
1232.4750039577484 0.581315815448761
1237.1676762104034 0.6692251563072205
1241.8560621738434 0.44405966997146606
1246.8109560012817 0.6405704617500305
1251.7231049537659 0.7925047874450684
1256.6614029407501 0.4935529828071594
1261.6296916007996 0.536170244216919
1266.5320672988892 0.45057228207588196
1271.53972530365 0.512703001499176
1276.4798090457916 0.5425278544425964
1281.5329763889313 0.6558629870414734
1286.4791045188904 0.5147631764411926
1291.4572484493256 0.4913519024848938
1296.437021970749 0.45276373624801636
1301.4297423362732 0.6291103363037109
1327.1352245807648 0.4413219392299652
1333.97136592865 0.6737637519836426
1338.6525032520294 0.7707934379577637
1343.3970749378204 0.7416110038757324
1348.4119741916656 0.6230474710464478
1353.3954858779907 0.41425955295562744
1358.3424804210663 1.0777463912963867
1363.2936317920685 0.40056338906288147
1368.2757105827332 0.587729811668396
1373.3066158294678 0.5890070199966431
1378.3253047466278 0.7177280187606812
1383.3434982299805 1.0829473733901978
1388.3593735694885 0.565953254699707
1393.3863308429718 0.49810686707496643
1398.4214265346527 0.6240411996841431
1403.4211974143982 0.6766781806945801
1408.4338006973267 0.7132039666175842
1413.4342226982117 0.776645839214325
1418.4783020019531 0.6549960374832153
1423.4196474552155 0.42563098669052124
1428.420666217804 0.7836555242538452
1433.4251432418823 0.5339793562889099
1438.4703724384308 0.5662087202072144
1443.4712908267975 0.7140929698944092
1448.4757044315338 0.5513651967048645
1453.4371769428253 0.6137243509292603
1458.459757566452 0.5972939729690552
1463.4397830963135 0.43321385979652405
1468.4394006729126 0.39248234033584595
1473.392139673233 0.6767456531524658
1478.3950963020325 0.505011260509491
1483.3251626491547 0.41945457458496094
1488.319530248642 0.5050155520439148
1493.3262276649475 0.495944082736969
1498.3549938201904 0.6332671642303467
1503.4223041534424 0.8191668391227722
1508.4229974746704 0.475576251745224
1513.4542067050934 0.7211042642593384
1518.4277138710022 0.5600218176841736
1523.3914308547974 0.6784732341766357
1549.4778697490692 0.51270991563797
1556.3506889343262 0.6842484474182129
1561.0132744312286 0.5809926390647888
1565.6534566879272 0.7221204042434692
1570.2910470962524 0.8887758255004883
1575.0073506832123 0.4843672811985016
1579.7124354839325 0.760252833366394
1584.3916285037994 0.6908832788467407
1589.1128706932068 0.5730453729629517
1594.0776000022888 0.6404283046722412
1599.048279762268 0.6768957376480103
1604.0031778812408 0.7110543251037598
1608.967925310135 0.6899598836898804
1613.9342885017395 0.46250486373901367
1618.86492061615 0.4573715329170227
1623.877792596817 0.4787512719631195
1628.7630648612976 0.566636323928833
1633.752464056015 0.6716190576553345
1638.7586832046509 0.6084948778152466
1643.77486038208 0.4391222894191742
1648.7181646823883 0.7793963551521301
1653.6883132457733 0.5168583393096924
1658.674309015274 0.5315362215042114
1663.6398293972015 0.7626122832298279
1668.629422903061 0.4902992248535156
1673.6184389591217 0.544243335723877
1678.5545156002045 0.58390873670578
1683.5805268287659 0.4517122805118561
1688.610651731491 0.5045196413993835
1693.5881814956665 0.5659759044647217
1698.5440151691437 0.40214523673057556
1703.5394034385681 0.4181465804576874
1708.5576355457306 0.6769887208938599
1713.4844241142273 0.5010638236999512
1718.4466695785522 0.5091289281845093
1723.415218114853 0.9535797238349915
1728.438500404358 0.48739999532699585
1733.4184219837189 0.5214887857437134
1738.4254639148712 0.4452030062675476
1743.3885567188263 0.6830975413322449
1769.3157670497894 0.37969541549682617
1776.1556074619293 0.611000657081604
1780.7828476428986 0.6489883065223694
1785.393863916397 1.0904817581176758
1790.0021378993988 0.969007134437561
1794.6176285743713 0.4748530387878418
1799.2919127941132 0.7864279747009277
1803.9881269931793 0.5411240458488464
1808.6890087127686 0.650285005569458
1813.4227886199951 0.5657042860984802
1818.1195123195648 0.6519348621368408
1822.8165254592896 0.6613436937332153
1827.5114998817444 0.4673038125038147
1832.2627034187317 0.6261054277420044
1836.9530010223389 0.4745739698410034
1841.638411283493 0.580611526966095
1846.2944405078888 0.5712125301361084
1850.9699046611786 0.5683310031890869
1855.6549000740051 0.6080189347267151
1860.302039861679 0.4935835003852844
1865.0010447502136 0.546437680721283
1869.7182619571686 0.5915690660476685
1874.421112537384 0.5875414609909058
1879.1049318313599 0.7689199447631836
1883.9433205127716 0.7629410028457642
1888.9203312397003 0.5748085379600525
1893.907413482666 0.558835506439209
1898.8567411899567 0.6955496668815613
1903.8425586223602 0.44908571243286133
1908.8515269756317 0.6166976690292358
1913.8203892707825 0.4333575367927551
1918.8346700668335 0.4809879660606384
1923.8632571697235 0.6155104637145996
1928.8485524654388 0.5433392524719238
1933.797874212265 0.4753573536872864
1938.7967665195465 0.8670821785926819
1943.8301396369934 0.5008112192153931
1948.779182434082 0.5136231184005737
1953.7705078125 0.44907501339912415
1958.7748546600342 0.7641726732254028
1983.9995279312134 0.3978324830532074
1990.9274985790253 0.47798076272010803
1995.5948371887207 0.4821651875972748
2000.3242819309235 1.0044935941696167
2005.0159158706665 0.9006669521331787
2009.7540452480316 0.5695520639419556
2014.395316362381 0.527092695236206
2019.1026692390442 0.36998820304870605
2023.8366243839264 0.43180668354034424
2028.5563492774963 0.41484135389328003
2033.2745761871338 0.45812058448791504
2037.9854638576508 0.5992785096168518
2042.7127022743225 0.3976716697216034
2047.3920488357544 0.3913654386997223
2052.098429441452 0.38998112082481384
2056.79274559021 0.4611302316188812
2061.473372936249 0.40084850788116455
2066.1686334609985 0.3660525679588318
2070.817358016968 0.3737804889678955
2075.4880306720734 0.34841227531433105
2080.1641359329224 0.3671784996986389
2084.901391029358 0.3768656551837921
2089.578778028488 0.3493720293045044
2094.4950206279755 0.469224214553833
2099.4813706874847 0.37984004616737366
2104.4634504318237 0.3551766276359558
2109.468006849289 0.35110926628112793
2114.5069382190704 0.34999844431877136
2119.4533276557922 0.3561052083969116
2124.176174879074 0.39317911863327026
2128.814417362213 0.3960823714733124
2133.5136268138885 0.32648417353630066
2138.4704852104187 0.4059351086616516
2143.422180891037 0.37102559208869934
2148.45477437973 0.3277285099029541
2153.4710342884064 0.3323817849159241
2158.4615643024445 0.3947095274925232
2163.518587589264 0.38507089018821716
2168.504117488861 0.3246920704841614
2173.454954147339 0.4114946126937866
2199.374503850937 0.3103790879249573
2206.223550796509 0.38374513387680054
2210.910601377487 0.39374643564224243
2215.674291372299 0.3993387222290039
2220.4904487133026 0.416618674993515
2225.4621076583862 0.3195582926273346
2230.3846452236176 0.3172494173049927
2235.340428352356 0.30567845702171326
2240.3008999824524 0.37043046951293945
2245.2413086891174 0.3824056386947632
2250.220201253891 0.32534074783325195
2255.174234390259 0.33131083846092224
2260.1086452007294 0.3273119032382965
2265.118334531784 0.3015136420726776
2270.0826556682587 0.2963380217552185
2275.0464239120483 0.44896334409713745
2280.035612344742 0.3509739637374878
2284.9627208709717 0.3136495053768158
2289.903371334076 0.3675783574581146
2294.9029819965363 0.2915595769882202
2299.8453645706177 0.2985977232456207
2304.823893547058 0.32630404829978943
2309.8393750190735 0.2913219928741455
2314.785171508789 0.31699997186660767
2319.7665495872498 0.30201101303100586
2324.7426772117615 0.3034460246562958
2329.696266412735 0.2988857328891754
2334.6728336811066 0.2827915549278259
2339.6843688488007 0.28940314054489136
2344.659964323044 0.3044328987598419
2349.6343791484833 0.2789391577243805
2354.582221508026 0.29373639822006226
2359.5670392513275 0.3752783536911011
2364.5085690021515 0.299666166305542
2369.516486644745 0.298276424407959
2374.4865770339966 0.37558040022850037
2379.4542570114136 0.28584983944892883
2384.4383478164673 0.2823592722415924
2389.417135000229 0.28394705057144165
2394.446224451065 0.30690211057662964
2420.1730196475983 0.27371785044670105
2427.03005027771 0.27934932708740234
2431.708971977234 0.28379330039024353
2436.6735157966614 0.3056402802467346
2441.666651248932 0.4302693009376526
2446.57612323761 0.2757677733898163
2451.564111471176 0.2731334865093231
2456.482419013977 0.2652679681777954
2461.4424834251404 0.2665340006351471
2466.422014951706 0.26657363772392273
2471.370843410492 0.2632219195365906
2476.3400254249573 0.3613131046295166
2481.307499408722 0.28194713592529297
2486.3012776374817 0.2695803642272949
2491.2846767902374 0.26050055027008057
2496.2423861026764 0.29992520809173584
2501.2169828414917 0.2705362141132355
2506.2418739795685 0.2572662830352783
2511.1654484272003 0.257221519947052
2516.1320974826813 0.2539929449558258
2521.1093480587006 0.27801334857940674
2526.0739617347717 0.25542953610420227
2531.011570215225 0.25660380721092224
2535.980541944504 0.26018401980400085
2540.9684059619904 0.25768718123435974
2545.9607224464417 0.2769467830657959
2550.9354150295258 0.25157538056373596
2555.8554272651672 0.27763670682907104
2560.849594593048 0.2541283667087555
2565.849834918976 0.35492658615112305
2570.7715363502502 0.2511880695819855
2575.733468055725 0.2453508973121643
2580.675885915756 0.24969159066677094
2585.670145511627 0.2877802848815918
2590.6744639873505 0.25363215804100037
2595.6806864738464 0.2436167299747467
2600.6606895923615 0.24300898611545563
2605.60315823555 0.24774469435214996
2610.5804858207703 0.24014808237552643
2615.522407770157 0.307467520236969
2641.7309126853943 0.24032524228096008
2648.494051218033 0.2476455420255661
2653.212666273117 0.2892985939979553
2657.9305653572083 0.3144843578338623
2662.912132501602 0.2939693033695221
2667.8716971874237 0.26222383975982666
2672.8581070899963 0.2515830099582672
2677.852126121521 0.23365117609500885
2682.871071577072 0.2522220015525818
2687.892741918564 0.23183801770210266
2692.871099948883 0.2339623123407364
2697.8430898189545 0.24882638454437256
2702.8326609134674 0.23609638214111328
2707.7914547920227 0.25851669907569885
2712.8442137241364 0.2270856350660324
2717.824854373932 0.2564607858657837
2722.773771047592 0.2779918909072876
2727.7423746585846 0.23080603778362274
2732.6885492801666 0.2493342012166977
2737.663578271866 0.23354661464691162
2742.6166739463806 0.2264518290758133
2747.598221063614 0.22206583619117737
2752.597549676895 0.2371593862771988
2757.58251619339 0.2313319593667984
2762.618810415268 0.2238086611032486
2767.5524322986603 0.2207927107810974
2772.6005506515503 0.244611456990242
2777.609426021576 0.25721749663352966
2782.5508892536163 0.2202453464269638
2787.511888742447 0.22028765082359314
2792.535568714142 0.21870000660419464
2797.4946093559265 0.240449458360672
2802.503353357315 0.24800905585289001
2807.4908905029297 0.23394806683063507
2812.4711694717407 0.22000640630722046
2817.477151155472 0.2177315056324005
2822.437195301056 0.25371232628822327
2827.4326272010803 0.2112066000699997
2832.3718950748444 0.2126132845878601
2837.3626651763916 0.23405461013317108
2863.4955587387085 0.21055124700069427
2870.3796379566193 0.2979276180267334
2875.109593153 0.2786135971546173
2879.7881417274475 0.2701445519924164
2884.4897906780243 0.236871600151062
2889.2530751228333 0.21418316662311554
2894.032630443573 0.22913210093975067
2898.8499071598053 0.30508673191070557
2903.861883878708 0.20700857043266296
2908.915442943573 0.2133972942829132
2913.8833215236664 0.21484409272670746
2918.888640165329 0.3451017737388611
2923.928258895874 0.23212650418281555
2928.9614577293396 0.21381019055843353
2933.9506072998047 0.2017071396112442
2938.9462604522705 0.29656922817230225
2943.992599248886 0.2262725979089737
2949.082317829132 0.20404303073883057
2954.0905237197876 0.2167937159538269
2959.018523454666 0.20024724304676056
2964.067957162857 0.20336459577083588
2969.0667355060577 0.21643826365470886
2974.0423216819763 0.2031836062669754
2979.057383775711 0.1967732310295105
2984.003437280655 0.2183695286512375
2988.981216430664 0.19673258066177368
2993.9566469192505 0.20559857785701752
2998.9753143787384 0.1957123577594757
3004.000467777252 0.19745081663131714
3009.0718092918396 0.2183104306459427
3014.0773544311523 0.1966286599636078
3019.07509970665 0.20167437195777893
3024.0681924819946 0.20738397538661957
3029.0705935955048 0.19757521152496338
3034.03160905838 0.196528360247612
3039.0689554214478 0.19534191489219666
3044.0391776561737 0.1965295821428299
3049.0065083503723 0.19506464898586273
3054.013064146042 0.1966542899608612
3059.0525505542755 0.21225319802761078
3084.436208963394 0.19513273239135742
3091.420068502426 0.19786328077316284
3096.117710828781 0.2000741809606552
3100.759558916092 0.2003343254327774
3105.452656984329 0.2234114706516266
3110.1530480384827 0.20083872973918915
3114.843386411667 0.2142169177532196
3119.5821239948273 0.21400496363639832
3124.235948085785 0.19801688194274902
3128.857172012329 0.19560430943965912
3133.584033727646 0.19927449524402618
3138.234936475754 0.19539089500904083
3142.911535024643 0.20126782357692719
3147.759075164795 0.19548259675502777
3152.7116091251373 0.1943611204624176
3157.671924829483 0.19552744925022125
3162.600576877594 0.19545762240886688
3167.5548231601715 0.20874568819999695
3172.496551990509 0.23343731462955475
3177.4204342365265 0.19376319646835327
3182.3693175315857 0.19381269812583923
3187.3237323760986 0.22700625658035278
3192.3397459983826 0.19513553380966187
3197.305045604706 0.19386297464370728
3202.282057762146 0.21772000193595886
3207.216581106186 0.19611147046089172
3212.172256231308 0.19527016580104828
3217.109881401062 0.19418108463287354
3222.070655822754 0.1929764300584793
3226.988935947418 0.20814251899719238
3231.972701072693 0.1923675239086151
3236.950215101242 0.1938943862915039
3241.9483914375305 0.19760531187057495
3246.8718996047974 0.19429410994052887
3251.82155418396 0.19298872351646423
3256.784444093704 0.20214253664016724
3261.709191083908 0.2011922001838684
3266.681634902954 0.19188392162322998
3271.622620344162 0.20803619921207428
3276.6231989860535 0.20532426238059998
3302.547436237335 0.19282284379005432
3309.499768972397 0.19376040995121002
3314.2102205753326 0.23673970997333527
3318.9493346214294 0.22054436802864075
3323.6665391921997 0.2187442034482956
3328.64492726326 0.19325482845306396
3333.621393442154 0.1965762972831726
3338.5919721126556 0.1966269314289093
3343.592393875122 0.1953193098306656
3348.584021806717 0.1915329098701477
3353.5612564086914 0.21503229439258575
3358.53622508049 0.19190482795238495
3363.54367852211 0.19137106835842133
3368.5593144893646 0.19069276750087738
3373.5851740837097 0.19055041670799255
3378.7145807743073 0.19109007716178894
3383.734483242035 0.20278243720531464
3388.747801542282 0.19280941784381866
3393.821261405945 0.1921350657939911
3398.8238134384155 0.19051562249660492
3403.8648557662964 0.19090121984481812
3408.8230741024017 0.19523467123508453
3413.8844203948975 0.19055268168449402
3418.845621109009 0.1920700967311859
3423.869521856308 0.19523781538009644
3428.9155838489532 0.18999813497066498
3433.9796261787415 0.1955123096704483
3438.988891363144 0.19364336133003235
3444.046854734421 0.19035933911800385
3449.017167329788 0.1900460571050644
3454.0308573246 0.18978022038936615
3459.070572376251 0.1896401047706604
3464.108345746994 0.1920461803674698
3469.1411163806915 0.1930369883775711
3474.1077797412872 0.18946810066699982
3479.123383998871 0.1932443529367447
3484.127646923065 0.19065843522548676
3489.1181542873383 0.1895139217376709
3494.1796646118164 0.18949852883815765
3499.211854696274 0.19425736367702484
3525.3487515449524 0.18888944387435913
3532.2838530540466 0.18878723680973053
3536.9279453754425 0.19258622825145721
3541.626753807068 0.1928490549325943
3546.376592874527 0.2399573177099228
3551.1820430755615 0.19002500176429749
3556.2529792785645 0.19306525588035583
3561.2219054698944 0.19013501703739166
3566.279880285263 0.19618290662765503
3571.2628943920135 0.18890820443630219
3576.282921075821 0.19195780158042908
3581.3444967269897 0.1899908483028412
3586.3407452106476 0.19183462858200073
3591.3795113563538 0.18916501104831696
3596.486552000046 0.1901082843542099
3601.540703058243 0.18825799226760864
3606.5606677532196 0.18885070085525513
3611.5776476860046 0.2602072060108185
3616.6045553684235 0.1890919804573059
3621.6476957798004 0.19144654273986816
3626.65247130394 0.19059722125530243
3631.7508447170258 0.1876932829618454
3636.793770313263 0.189057394862175
3641.836897134781 0.18857285380363464
3646.850250720978 0.1903669238090515
3651.8440663814545 0.18713465332984924
3656.8471331596375 0.1953435093164444
3661.848818540573 0.1876644641160965
3666.8737921714783 0.18784034252166748
3671.888008117676 0.20027802884578705
3676.945363998413 0.1872735619544983
3681.9838786125183 0.18749503791332245
3687.0416560173035 0.19423845410346985
3692.0778234004974 0.18684472143650055
3697.124611377716 0.18672014772891998
3702.164572954178 0.18972721695899963
3707.205330133438 0.18921002745628357
3712.2711124420166 0.1862337589263916
3717.3429753780365 0.1863952875137329
3722.3916363716125 0.19895786046981812
3748.703241586685 0.18630078434944153
3755.5345273017883 0.1869148313999176
3760.2262222766876 0.19211260974407196
3765.027029275894 0.20283202826976776
3770.0268499851227 0.18939025700092316
3775.04052901268 0.1910696178674698
3779.995803117752 0.18753623962402344
3784.991947889328 0.2493647038936615
3789.987763404846 0.18547524511814117
3794.968288421631 0.18625089526176453
3799.9974579811096 0.19114823639392853
3805.0221569538116 0.1879904866218567
3810.0310051441193 0.1893029808998108
3815.1083660125732 0.1862647533416748
3820.178546190262 0.18495722115039825
3825.189658641815 0.18696722388267517
3830.20622587204 0.1880502700805664
3835.2025825977325 0.18510746955871582
3840.2109529972076 0.1859423667192459
3845.220552921295 0.18536488711833954
3850.1831748485565 0.1863097995519638
3855.2546770572662 0.18620747327804565
3860.2802126407623 0.1852828562259674
3865.342896461487 0.18511976301670074
3870.3581478595734 0.18539872765541077
3875.3682794570923 0.1842377930879593
3880.407988548279 0.1854150891304016
3885.440063238144 0.1843307465314865
3890.425446510315 0.18479466438293457
3895.404406785965 0.1863270103931427
3900.455577850342 0.18495415151119232
3905.4546303749084 0.18404854834079742
3910.446343421936 0.1931701898574829
3915.4152030944824 0.1964685171842575
3920.4325518608093 0.18419747054576874
3925.403439283371 0.18643447756767273
3930.4202048778534 0.1856463998556137
3935.4415810108185 0.18409734964370728
3940.4211966991425 0.18447427451610565
3945.4625475406647 0.18469005823135376
3971.4329051971436 0.18333570659160614
3978.193336248398 0.1835205852985382
3982.886467933655 0.18485182523727417
3987.618201494217 0.1916426122188568
3992.5820591449738 0.20484186708927155
3997.566787481308 0.18426938354969025
4002.5805888175964 0.18536844849586487
4007.5544629096985 0.18315517902374268
