19.24820613861084 0.03125
25.40865731239319 0.125
29.894079208374023 0.15625
34.378050804138184 0.2109375
38.820926666259766 0.26875001192092896
43.26268792152405 0.2916666567325592
47.74325489997864 0.3258928656578064
52.158063888549805 0.3359375
56.56982731819153 0.3402777910232544
60.96145033836365 0.359375
65.36631298065186 0.3806818127632141
69.75134992599487 0.3958333432674408
74.13641595840454 0.39663460850715637
78.52830076217651 0.4084821343421936
82.9092812538147 0.4229166805744171
87.31236529350281 0.443359375
91.70426154136658 0.4577205777168274
96.12548971176147 0.4722222089767456
100.44989562034607 0.4868420958518982
104.84921169281006 0.4937500059604645
109.21010518074036 0.5014880895614624
113.57256937026978 0.515625
117.9001042842865 0.5258151888847351
122.21467280387878 0.53515625
126.55844235420227 0.5387499928474426
130.97447061538696 0.5492788553237915
135.3562569618225 0.5567129850387573
139.7121410369873 0.5647321343421936
144.08133268356323 0.5711206793785095
148.43314695358276 0.5833333134651184
152.81377577781677 0.5897177457809448
157.18410110473633 0.5947265625
161.5916771888733 0.5984848737716675
165.97958064079285 0.6056985259056091
170.37018251419067 0.6116071343421936
174.75625348091125 0.6189236044883728
179.14290022850037 0.625
183.5368456840515 0.6291118264198303
187.94888544082642 0.6338140964508057
192.31471371650696 0.640625
221.18396043777466 0.84375
227.38650822639465 0.828125
231.87945365905762 0.8125
236.3619785308838 0.828125
240.8387327194214 0.824999988079071
245.3086678981781 0.828125
249.84860467910767 0.8169642686843872
254.29232835769653 0.8046875
258.73627281188965 0.8194444179534912
263.1466143131256 0.8187500238418579
267.57836389541626 0.8238636255264282
272.0331847667694 0.8229166865348816
276.4244647026062 0.8269230723381042
280.882572889328 0.8191964030265808
285.3765232563019 0.8187500238418579
289.8167350292206 0.826171875
294.26461243629456 0.8253676295280457
298.69605588912964 0.8229166865348816
303.1570475101471 0.8273026347160339
307.60425543785095 0.831250011920929
311.98952651023865 0.8333333134651184
316.36267709732056 0.8352272510528564
320.83497524261475 0.83423912525177
325.29912877082825 0.8359375
329.66312861442566 0.831250011920929
334.04979038238525 0.8341346383094788
338.4247395992279 0.8379629850387573
342.79295349121094 0.8359375
347.15848088264465 0.837284505367279
351.5302755832672 0.8364583253860474
355.9235005378723 0.836693525314331
360.3119866847992 0.837890625
364.67795729637146 0.8361742496490479
369.03079891204834 0.8373161554336548
373.4184374809265 0.8374999761581421
377.7805976867676 0.8394097089767456
382.09233570098877 0.8369932174682617
386.47862815856934 0.8355262875556946
390.8820478916168 0.8349359035491943
395.21270060539246 0.8343750238418579
423.3378601074219 0.875
429.38892674446106 0.90625
433.82234239578247 0.8854166865348816
438.31804180145264 0.8984375
442.79530572891235 0.893750011920929
447.2649884223938 0.890625
451.744665145874 0.8794642686843872
456.2430245876312 0.87109375
460.7440538406372 0.8715277910232544
465.2035665512085 0.8687499761581421
469.6698491573334 0.8693181872367859
474.1740200519562 0.859375
478.6569676399231 0.8581730723381042
483.14420223236084 0.8571428656578064
487.57872009277344 0.8604166507720947
491.9935200214386 0.857421875
496.442928314209 0.8529411554336548
500.8888921737671 0.8576388955116272
505.30778551101685 0.8585526347160339
509.7117042541504 0.8578125238418579
514.1433095932007 0.8586309552192688
518.5200662612915 0.8622159361839294
522.9289305210114 0.864130437374115
527.3156869411469 0.8671875
531.7384583950043 0.8687499761581421
536.1910293102264 0.8689903616905212
540.6334023475647 0.8657407164573669
545.0254943370819 0.8694196343421936
549.4603490829468 0.8706896305084229
553.9353694915771 0.8708333373069763
558.3770399093628 0.875
562.8254952430725 0.8779296875
567.2851157188416 0.875
571.7171638011932 0.8740808963775635
576.1291966438293 0.875
580.5948481559753 0.8758680820465088
585.0342721939087 0.8775337934494019
589.4765000343323 0.8766447305679321
593.982095003128 0.8790063858032227
598.4025554656982 0.8812500238418579
626.35804438591 0.96875
632.5625195503235 0.890625
637.0701158046722 0.90625
641.5018980503082 0.8984375
645.9613659381866 0.8999999761581421
650.451865196228 0.8958333134651184
654.9770457744598 0.9017857313156128
659.5006823539734 0.91015625
663.9388332366943 0.9027777910232544
668.4044003486633 0.903124988079071
672.8644988536835 0.9005681872367859
677.3079826831818 0.9010416865348816
681.7280309200287 0.90625
686.2043471336365 0.9084821343421936
690.6404223442078 0.9083333611488342
695.0753378868103 0.908203125
699.5214304924011 0.9117646813392639
704.0250418186188 0.9097222089767456
708.4818546772003 0.9111841917037964
712.8710260391235 0.910937488079071
717.2353224754333 0.9122023582458496
721.6828408241272 0.9105113744735718
726.0364611148834 0.9116848111152649
730.399927854538 0.9088541865348816
734.7998571395874 0.9087499976158142
739.2208094596863 0.9050480723381042
743.688066482544 0.9050925970077515
748.1081991195679 0.8984375
752.5143694877625 0.8965517282485962
756.9792261123657 0.8989583253860474
761.4426212310791 0.9002016186714172
765.903712272644 0.9013671875
770.3744096755981 0.9015151262283325
774.8083808422089 0.8998161554336548
779.2493662834167 0.8982142806053162
783.6886646747589 0.9001736044883728
788.0845527648926 0.8986486196517944
792.5481712818146 0.8996710777282715
796.9806056022644 0.8990384340286255
801.4086723327637 0.8984375
829.3905720710754 0.9375
835.5726737976074 0.953125
840.0472030639648 0.9270833134651184
844.5445110797882 0.890625
848.9981691837311 0.8812500238418579
853.4643788337708 0.8854166865348816
857.9425532817841 0.8839285969734192
862.3934972286224 0.875
866.8764593601227 0.8784722089767456
871.3733260631561 0.878125011920929
875.8420672416687 0.8778409361839294
880.2989723682404 0.8828125
884.7289502620697 0.879807710647583
889.1106436252594 0.875
893.5712976455688 0.8729166388511658
897.987494468689 0.869140625
902.4285311698914 0.873161792755127
906.8340194225311 0.8697916865348816
911.2318668365479 0.8717105388641357
915.6323812007904 0.871874988079071
920.102480173111 0.8690476417541504
924.4672303199768 0.8721590638160706
928.9258885383606 0.875
933.317709684372 0.8763020634651184
937.7501299381256 0.8737499713897705
942.216703414917 0.875
946.6161839962006 0.875
951.0351111888885 0.8761160969734192
955.4546647071838 0.8760775923728943
959.9058694839478 0.878125011920929
964.3205149173737 0.8780242204666138
968.7246129512787 0.87890625
973.1412732601166 0.8825757503509521
977.5301127433777 0.8841911554336548
981.9753038883209 0.8857142925262451
986.4401152133942 0.8862847089767456
990.8522720336914 0.8868243098258972
995.2766017913818 0.8881579041481018
999.698938369751 0.8886218070983887
1004.155797958374 0.889843761920929
1031.8675067424774 0.96875
1038.0120010375977 0.921875
1042.4603235721588 0.90625
1046.9481472969055 0.8984375
1051.3704845905304 0.887499988079071
1055.7781836986542 0.8958333134651184
1060.2084443569183 0.8928571343421936
1064.6363048553467 0.88671875
1069.0674920082092 0.8888888955116272
1073.5139639377594 0.893750011920929
1077.9241223335266 0.9005681872367859
1082.3407244682312 0.9036458134651184
1086.7731773853302 0.9086538553237915
1091.1779251098633 0.9084821343421936
1095.5829575061798 0.9125000238418579
1099.9742286205292 0.90625
1104.3830904960632 0.904411792755127
1108.754668712616 0.9079861044883728
1113.1425108909607 0.90625
1117.4633288383484 0.9078124761581421
1121.7831366062164 0.90625
1126.15105509758 0.9076704382896423
1130.484741449356 0.90625
1134.8614280223846 0.90625
1139.2660927772522 0.9037500023841858
1143.679198026657 0.9050480723381042
1148.0737881660461 0.9016203880310059
1152.4563150405884 0.9017857313156128
1156.840995311737 0.9008620977401733
1161.2006990909576 0.9020833373069763
1165.5991742610931 0.9022177457809448
1169.9854333400726 0.9013671875
1174.3419606685638 0.8996211886405945
1178.7280275821686 0.8998161554336548
1183.1094679832458 0.8999999761581421
1187.4518699645996 0.9001736044883728
1191.818228006363 0.9011824131011963
1196.2091398239136 0.9004934430122375
1200.5653257369995 0.9022436141967773
1204.941039800644 0.901562511920929
1233.0785977840424 0.84375
1239.1513023376465 0.859375
1243.5987360477448 0.8645833134651184
1248.098573923111 0.875
1252.6125564575195 0.893750011920929
1257.108631849289 0.90625
1261.6229965686798 0.8973214030265808
1266.1431975364685 0.90234375
1270.6548037528992 0.8993055820465088
1275.1289200782776 0.887499988079071
1279.6156733036041 0.8892045617103577
1284.066945552826 0.8880208134651184
1288.493574142456 0.8966346383094788
1292.9472212791443 0.8995535969734192
1297.409506559372 0.9041666388511658
1301.8615534305573 0.90234375
1306.2849781513214 0.904411792755127
1310.7050561904907 0.9027777910232544
1315.0770945549011 0.9013158082962036
1319.4973442554474 0.901562511920929
1323.9303193092346 0.898809552192688
1328.2936680316925 0.8977272510528564
1332.6659293174744 0.89673912525177
1337.0090546607971 0.8971354365348816
1341.4435486793518 0.8987500071525574
1345.8377859592438 0.9002403616905212
1350.2597148418427 0.8993055820465088
1354.617322921753 0.8973214030265808
1359.0106613636017 0.8976293206214905
1363.3938734531403 0.8989583253860474
1367.7675323486328 0.8971773982048035
1372.1806988716125 0.8994140625
1376.6020407676697 0.8986742496490479
1380.9530205726624 0.8961396813392639
1385.3665144443512 0.8964285850524902
1389.7687635421753 0.8993055820465088
1394.184076309204 0.900337815284729
1398.572968006134 0.8996710777282715
1402.9796781539917 0.8998397588729858
1407.3769252300262 0.8999999761581421
1436.095873594284 0.8125
1442.0894520282745 0.859375
1446.5247206687927 0.875
1450.9562351703644 0.8828125
1455.3905489444733 0.893750011920929
1459.8795878887177 0.8958333134651184
1464.325844526291 0.9017857313156128
1468.7715103626251 0.9140625
1473.1806898117065 0.9166666865348816
1477.5930376052856 0.9156249761581421
1482.0081527233124 0.9147727489471436
1486.4221839904785 0.9140625
1490.790946483612 0.9158653616905212
1495.1851847171783 0.9151785969734192
1499.5349967479706 0.9208333492279053
1503.9371092319489 0.916015625
1508.2740104198456 0.9154411554336548
1512.6522884368896 0.9079861044883728
1517.0000846385956 0.9078947305679321
1521.324007511139 0.909375011920929
1525.6674146652222 0.9092261791229248
1530.0494027137756 0.90625
1534.4289350509644 0.907608687877655
1538.7683696746826 0.90625
1543.1171689033508 0.90625
1547.5907995700836 0.9086538553237915
1552.055617570877 0.9050925970077515
1556.4405612945557 0.90625
1560.8629324436188 0.9073275923728943
1565.2393608093262 0.909375011920929
1569.6354982852936 0.9072580933570862
1573.987468957901 0.9091796875
1578.4217631816864 0.9100378751754761
1582.818264245987 0.9090073704719543
1587.16521859169 0.9071428775787354
1591.5474498271942 0.9079861044883728
1595.9621818065643 0.9104729890823364
1600.328785419464 0.9103618264198303
1604.717674255371 0.9094551205635071
1609.0887880325317 0.910937488079071
1636.6962676048279 0.875
1642.8092205524445 0.921875
1647.3151695728302 0.9270833134651184
1651.7769374847412 0.8984375
1656.2793757915497 0.8999999761581421
1660.7909886837006 0.9010416865348816
1665.236742258072 0.8973214030265808
1669.7439587116241 0.8984375
1674.1752982139587 0.8958333134651184
1678.6524713039398 0.903124988079071
1683.0945808887482 0.90625
1687.5578594207764 0.9140625
1691.9885203838348 0.9134615659713745
1696.463913679123 0.9151785969734192
1700.9087884426117 0.9125000238418579
1705.3671061992645 0.912109375
1709.7902970314026 0.9117646813392639
1714.2505259513855 0.9079861044883728
1718.647042274475 0.9111841917037964
1723.0503511428833 0.9078124761581421
1727.4610254764557 0.9107142686843872
1731.9010667800903 0.9105113744735718
1736.364892244339 0.9089673757553101
1740.7568187713623 0.91015625
1745.184324502945 0.9087499976158142
1749.6211655139923 0.9086538553237915
1754.0663282871246 0.9050925970077515
1758.5067694187164 0.9029017686843872
1762.9921996593475 0.9051724076271057
1767.3968937397003 0.9020833373069763
1771.8201780319214 0.9052419066429138
1776.2527675628662 0.90625
1780.6785356998444 0.9053030014038086
1785.1047949790955 0.9053308963775635
1789.5158603191376 0.90625
1793.9793713092804 0.9045138955116272
1798.4072442054749 0.9054054021835327
1802.851623058319 0.9070723652839661
1807.271598815918 0.9030448794364929
1811.6796765327454 0.9039062261581421
1840.305325269699 0.921875
1846.703308582306 0.9375
1851.5405204296112 0.9427083134651184
1856.2945580482483 0.9453125
1861.0818104743958 0.953125
1865.9092922210693 0.9583333134651184
1870.745180606842 0.9575892686843872
1875.5102195739746 0.962890625
1880.3465883731842 0.9652777910232544
1885.0932400226593 0.9671875238418579
1889.8417603969574 0.9659090638160706
1894.5805654525757 0.9674479365348816
1899.2421805858612 0.96875
1903.9175021648407 0.9642857313156128
1908.6136002540588 0.965624988079071
1913.2935032844543 0.966796875
1917.9858946800232 0.9659926295280457
1922.6786668300629 0.9678819179534912
1927.2984926700592 0.9695723652839661
1931.9167113304138 0.9710937738418579
1962.4367852210999 0.984375
1968.8365108966827 0.9765625
1973.600355386734 0.9791666865348816
1978.3007628917694 0.9765625
1983.000024318695 0.981249988079071
1987.7080707550049 0.984375
1992.4398803710938 0.9866071343421936
1997.1236553192139 0.986328125
2001.7951476573944 0.9878472089767456
2006.5206968784332 0.989062488079071
2011.203109741211 0.9900568127632141
2015.868480205536 0.9908854365348816
2020.5618906021118 0.9915865659713745
2025.1975121498108 0.9921875
2029.8617494106293 0.9916666746139526
2034.4882683753967 0.9912109375
2039.1870229244232 0.9908088445663452
2043.8590335845947 0.9913194179534912
2048.5443844795227 0.9917762875556946
2053.2463834285736 0.9921875
2083.770609140396 0.984375
2090.1986474990845 0.984375
2094.935208082199 0.9895833134651184
2099.6555099487305 0.9921875
2104.3557827472687 0.9937499761581421
2109.0114047527313 0.9947916865348816
2113.7102036476135 0.9955357313156128
2118.373011827469 0.994140625
2123.062210559845 0.9947916865348816
2127.7000482082367 0.9937499761581421
2132.352203607559 0.9928977489471436
2137.0777971744537 0.9934895634651184
2141.805828332901 0.9939903616905212
2146.4531483650208 0.9944196343421936
2151.080849647522 0.9947916865348816
2155.706464767456 0.9951171875
2160.354991197586 0.9954044222831726
2165.0049047470093 0.9956597089767456
2169.6147327423096 0.9958881735801697
2174.2264807224274 0.99609375
2205.88951587677 1.0
2212.248187303543 1.0
2216.9772238731384 0.9895833134651184
2221.71630692482 0.98828125
2226.396341562271 0.9906250238418579
2231.0890550613403 0.9921875
2235.8042612075806 0.9933035969734192
2240.544664621353 0.990234375
2245.2331035137177 0.9895833134651184
2249.9307131767273 0.9906250238418579
2254.617939710617 0.9914772510528564
2259.3343846797943 0.9921875
2264.04159283638 0.9927884340286255
2268.736236810684 0.9933035969734192
2273.42005109787 0.9927083253860474
2278.097023010254 0.9931640625
2282.743084192276 0.9935661554336548
2287.343106508255 0.9939236044883728
2292.053889989853 0.9942434430122375
2296.6787531375885 0.9945312738418579
2326.9009745121 1.0
2334.978759765625 1.0
2341.451963663101 0.9973958134651184
2347.923541545868 0.998046875
2354.3959488868713 0.9984375238418579
2360.9878487586975 0.9986979365348816
2367.456684589386 0.9988839030265808
2374.079270839691 0.9990234375
2380.825904607773 0.9991319179534912
2387.5408411026 0.999218761920929
2420.7469890117645 1.0
2428.863452196121 1.0
2435.3307468891144 1.0
2441.844213485718 1.0
2448.308080434799 1.0
2454.7427277565002 1.0
2461.398511171341 1.0
2468.003395318985 1.0
2474.713737010956 1.0
2481.447346687317 0.999218761920929
2515.0256118774414 1.0
2523.260879278183 1.0
2529.6597332954407 1.0
2536.1130895614624 1.0
2542.5603053569794 0.9984375238418579
2549.0608553886414 0.9986979365348816
2555.606567621231 0.9988839030265808
2562.265032052994 0.9990234375
2569.0018985271454 0.9991319179534912
2575.711101770401 0.999218761920929
2608.009672164917 1.0
2616.1258244514465 1.0
2622.535589694977 1.0
2628.967915534973 1.0
2635.434805870056 1.0
2641.9572916030884 1.0
2648.5982296466827 1.0
2655.0248613357544 1.0
2661.6966576576233 1.0
2668.348776102066 1.0
2702.148118495941 1.0
2710.2621986865997 1.0
2716.776231765747 1.0
2723.236133337021 1.0
2729.7107379436493 1.0
2736.200894832611 1.0
2742.7516639232635 1.0
2749.3073217868805 1.0
2756.0500316619873 1.0
2762.7287290096283 1.0
2793.672970533371 1.0
2801.771800518036 1.0
