19.24820613861084 5.05577278137207
25.40865731239319 2.3398044109344482
29.894079208374023 2.3927814960479736
34.378050804138184 2.400376319885254
38.820926666259766 2.2025656700134277
43.26268792152405 2.127960681915283
47.74325489997864 1.7866549491882324
52.158063888549805 1.861915111541748
56.56982731819153 1.8397904634475708
60.96145033836365 1.6970919370651245
65.36631298065186 1.6278393268585205
69.75134992599487 1.443715214729309
74.13641595840454 2.0345633029937744
78.52830076217651 1.6784632205963135
82.9092812538147 1.4082701206207275
87.31236529350281 1.318770170211792
91.70426154136658 1.1799161434173584
96.12548971176147 1.2641842365264893
100.44989562034607 1.1146363019943237
104.84921169281006 1.4649025201797485
109.21010518074036 1.2344889640808105
113.57256937026978 1.0615675449371338
117.9001042842865 1.0827752351760864
122.21467280387878 0.9337231516838074
126.55844235420227 1.2364591360092163
130.97447061538696 0.9634386301040649
135.3562569618225 1.063140869140625
139.7121410369873 0.8205529451370239
144.08133268356323 0.978834867477417
148.43314695358276 0.5626581907272339
152.81377577781677 0.929985523223877
157.18410110473633 1.0439413785934448
161.5916771888733 1.0820772647857666
165.97958064079285 0.8328861594200134
170.37018251419067 0.7486249208450317
174.75625348091125 0.862800121307373
179.14290022850037 0.8156837224960327
183.5368456840515 0.922261655330658
187.94888544082642 0.8382183313369751
192.31471371650696 0.8047817945480347
221.18396043777466 0.6513519287109375
227.38650822639465 0.9018372893333435
231.87945365905762 0.8824947476387024
236.3619785308838 0.7240690588951111
240.8387327194214 0.8612825870513916
245.3086678981781 0.6498653888702393
249.84860467910767 0.8894363641738892
254.29232835769653 0.7679474353790283
258.73627281188965 0.6577051877975464
263.1466143131256 0.7166873812675476
267.57836389541626 0.6434959173202515
272.0331847667694 0.9828917980194092
276.4244647026062 0.5357921123504639
280.882572889328 0.9894276857376099
285.3765232563019 0.9431148171424866
289.8167350292206 0.5709385275840759
294.26461243629456 0.7031244039535522
298.69605588912964 0.6800957918167114
303.1570475101471 0.6427915692329407
307.60425543785095 0.6252133846282959
311.98952651023865 0.7435622215270996
316.36267709732056 0.9219040870666504
320.83497524261475 0.7456231117248535
325.29912877082825 0.7605880498886108
329.66312861442566 0.9788419008255005
334.04979038238525 0.5688056945800781
338.4247395992279 0.4648364186286926
342.79295349121094 0.7679880857467651
347.15848088264465 0.6019076108932495
351.5302755832672 0.7664245963096619
355.9235005378723 0.8257082104682922
360.3119866847992 0.5286102294921875
364.67795729637146 0.8506063222885132
369.03079891204834 0.6568760871887207
373.4184374809265 0.6077996492385864
377.7805976867676 0.5884047746658325
382.09233570098877 0.7998234033584595
386.47862815856934 0.8217477798461914
390.8820478916168 0.7526030540466309
395.21270060539246 0.7276867628097534
423.3378601074219 0.8640698790550232
429.38892674446106 0.5673751831054688
433.82234239578247 0.5793131589889526
438.31804180145264 0.6050776243209839
442.79530572891235 0.5448381900787354
447.2649884223938 0.6237388849258423
451.744665145874 0.8446967005729675
456.2430245876312 0.8414720296859741
460.7440538406372 0.671097993850708
465.2035665512085 0.820832371711731
469.6698491573334 0.5998973250389099
474.1740200519562 0.7371817827224731
478.6569676399231 0.710922360420227
483.14420223236084 0.6206569671630859
487.57872009277344 0.5777775049209595
491.9935200214386 0.8049112558364868
496.442928314209 0.8148376941680908
500.8888921737671 0.544002890586853
505.30778551101685 0.6461222171783447
509.7117042541504 0.8177928924560547
514.1433095932007 0.6490111351013184
518.5200662612915 0.5691586136817932
522.9289305210114 0.570008397102356
527.3156869411469 0.5433081388473511
531.7384583950043 0.5093170404434204
536.1910293102264 0.7857121229171753
540.6334023475647 0.8661780953407288
545.0254943370819 0.5137500762939453
549.4603490829468 0.6630988717079163
553.9353694915771 0.5479726791381836
558.3770399093628 0.4170781373977661
562.8254952430725 0.49427151679992676
567.2851157188416 0.6427042484283447
571.7171638011932 0.6329553127288818
576.1291966438293 0.6245934963226318
580.5948481559753 0.5670453310012817
585.0342721939087 0.4057921767234802
589.4765000343323 0.6061792373657227
593.982095003128 0.4216765761375427
598.4025554656982 0.48876017332077026
626.35804438591 0.5317440032958984
632.5625195503235 0.7202380895614624
637.0701158046722 0.4200059771537781
641.5018980503082 0.7065221667289734
645.9613659381866 0.5215580463409424
650.451865196228 0.6902636289596558
654.9770457744598 0.518733561038971
659.5006823539734 0.4564864933490753
663.9388332366943 0.7494536638259888
668.4044003486633 0.4997175335884094
672.8644988536835 0.5660030245780945
677.3079826831818 0.6768898963928223
681.7280309200287 0.5348852872848511
686.2043471336365 0.5306037664413452
690.6404223442078 0.5154507160186768
695.0753378868103 0.6307423114776611
699.5214304924011 0.4464031755924225
704.0250418186188 0.7464726567268372
708.4818546772003 0.5029571056365967
712.8710260391235 0.6644569039344788
717.2353224754333 0.42638152837753296
721.6828408241272 0.670750081539154
726.0364611148834 0.5992425680160522
730.399927854538 0.7108018398284912
734.7998571395874 0.48309266567230225
739.2208094596863 0.7093362808227539
743.688066482544 0.5097271203994751
748.1081991195679 0.9189146757125854
752.5143694877625 0.6823164224624634
756.9792261123657 0.4757886826992035
761.4426212310791 0.4949572682380676
765.903712272644 0.48676252365112305
770.3744096755981 0.5541818141937256
774.8083808422089 0.6165610551834106
779.2493662834167 0.5957716703414917
783.6886646747589 0.5012356042861938
788.0845527648926 0.6087519526481628
792.5481712818146 0.49341505765914917
796.9806056022644 0.5898079872131348
801.4086723327637 0.6209362745285034
829.3905720710754 0.5405274629592896
835.5726737976074 0.44894760847091675
840.0472030639648 0.6294785737991333
844.5445110797882 0.9214456677436829
848.9981691837311 0.6073081493377686
853.4643788337708 0.8273398876190186
857.9425532817841 0.6699763536453247
862.3934972286224 0.8862290382385254
866.8764593601227 0.6459787487983704
871.3733260631561 0.6492549180984497
875.8420672416687 0.6330225467681885
880.2989723682404 0.5271448493003845
884.7289502620697 0.7097517251968384
889.1106436252594 0.8371550440788269
893.5712976455688 0.6580169796943665
897.987494468689 0.8017293810844421
902.4285311698914 0.48837047815322876
906.8340194225311 0.789775013923645
911.2318668365479 0.5047414302825928
915.6323812007904 0.6584925651550293
920.102480173111 0.7392104864120483
924.4672303199768 0.5618377327919006
928.9258885383606 0.4915022850036621
933.317709684372 0.5477703809738159
937.7501299381256 0.9170993566513062
942.216703414917 0.5497051477432251
946.6161839962006 0.5442769527435303
951.0351111888885 0.736653208732605
955.4546647071838 0.5722445249557495
959.9058694839478 0.5529389381408691
964.3205149173737 0.6500527858734131
968.7246129512787 0.673493504524231
973.1412732601166 0.4138449430465698
977.5301127433777 0.49502918124198914
981.9753038883209 0.6152469515800476
986.4401152133942 0.7383770942687988
990.8522720336914 0.5800712704658508
995.2766017913818 0.48043307662010193
999.698938369751 0.5544745922088623
1004.155797958374 0.4509632885456085
1031.8675067424774 0.4657982587814331
1038.0120010375977 0.6390814781188965
1042.4603235721588 0.6743058562278748
1046.9481472969055 0.7272541522979736
1051.3704845905304 0.694091260433197
1055.7781836986542 0.47250449657440186
1060.2084443569183 0.7676323652267456
1064.6363048553467 0.6713212132453918
1069.0674920082092 0.6259157657623291
1073.5139639377594 0.4992848336696625
1077.9241223335266 0.509880006313324
1082.3407244682312 0.5156301856040955
1086.7731773853302 0.3779413104057312
1091.1779251098633 0.618645429611206
1095.5829575061798 0.5161539912223816
1099.9742286205292 0.9610141515731812
1104.3830904960632 0.8298441171646118
1108.754668712616 0.4732372462749481
1113.1425108909607 0.5529520511627197
1117.4633288383484 0.5923651456832886
1121.7831366062164 0.7154948711395264
1126.15105509758 0.6689158082008362
1130.484741449356 0.6369845867156982
1134.8614280223846 0.5138521194458008
1139.2660927772522 0.5653911232948303
1143.679198026657 0.5787252187728882
1148.0737881660461 0.7835439443588257
1152.4563150405884 0.6152457594871521
1156.840995311737 0.6675074100494385
1161.2006990909576 0.4869837760925293
1165.5991742610931 0.6107527613639832
1169.9854333400726 0.5891064405441284
1174.3419606685638 0.6885849237442017
1178.7280275821686 0.6964761018753052
1183.1094679832458 0.6420431137084961
1187.4518699645996 0.5619215965270996
1191.818228006363 0.525763750076294
1196.2091398239136 0.6289127469062805
1200.5653257369995 0.4472668766975403
1204.941039800644 0.7135765552520752
1233.0785977840424 0.7227023243904114
1239.1513023376465 0.6866875886917114
1243.5987360477448 0.5144004225730896
1248.098573923111 0.5940316915512085
1252.6125564575195 0.44327303767204285
1257.108631849289 0.4395580589771271
1261.6229965686798 0.7296534180641174
1266.1431975364685 0.4903537929058075
1270.6548037528992 0.6162062883377075
1275.1289200782776 0.8128584623336792
1279.6156733036041 0.539842963218689
1284.066945552826 0.5162184238433838
1288.493574142456 0.38939130306243896
1292.9472212791443 0.4633830189704895
1297.409506559372 0.5013464093208313
1301.8615534305573 0.6643489599227905
1306.2849781513214 0.5791988372802734
1310.7050561904907 0.5872150659561157
1315.0770945549011 0.6926431059837341
1319.4973442554474 0.7391881942749023
1323.9303193092346 0.731747031211853
1328.2936680316925 0.6862503290176392
1332.6659293174744 0.496782511472702
1337.0090546607971 0.6845846772193909
1341.4435486793518 0.5637866258621216
1345.8377859592438 0.4719715118408203
1350.2597148418427 0.661812424659729
1354.617322921753 0.7159993648529053
1359.0106613636017 0.5974586009979248
1363.3938734531403 0.6555404663085938
1367.7675323486328 0.6805298924446106
1372.1806988716125 0.394147664308548
1376.6020407676697 0.5664267539978027
1380.9530205726624 0.8548547029495239
1385.3665144443512 0.5919219851493835
1389.7687635421753 0.4373624324798584
1394.184076309204 0.48636341094970703
1398.572968006134 0.766412615776062
1402.9796781539917 0.6294127106666565
1407.3769252300262 0.5748518109321594
1436.095873594284 0.8950520753860474
1442.0894520282745 0.7707551121711731
1446.5247206687927 0.5471372008323669
1450.9562351703644 0.6447601318359375
1455.3905489444733 0.5381425023078918
1459.8795878887177 0.6309847831726074
1464.325844526291 0.5123816728591919
1468.7715103626251 0.41588854789733887
1473.1806898117065 0.5168837308883667
1477.5930376052856 0.5117443799972534
1482.0081527233124 0.5364105701446533
1486.4221839904785 0.5998983383178711
1490.790946483612 0.51246178150177
1495.1851847171783 0.6424638628959656
1499.5349967479706 0.3794054388999939
1503.9371092319489 0.642632246017456
1508.2740104198456 0.6778524518013
1512.6522884368896 0.7683072686195374
1517.0000846385956 0.5635344386100769
1521.324007511139 0.5696684122085571
1525.6674146652222 0.5325204133987427
1530.0494027137756 0.6385809183120728
1534.4289350509644 0.5521275997161865
1538.7683696746826 0.7258347272872925
1543.1171689033508 0.5167802572250366
1547.5907995700836 0.4785059690475464
1552.055617570877 0.7914317846298218
1556.4405612945557 0.5510958433151245
1560.8629324436188 0.5089631676673889
1565.2393608093262 0.5026484131813049
1569.6354982852936 0.8445871472358704
1573.987468957901 0.45450788736343384
1578.4217631816864 0.49653318524360657
1582.818264245987 0.8438189029693604
1587.16521859169 0.5786620378494263
1591.5474498271942 0.595134973526001
1595.9621818065643 0.41235634684562683
1600.328785419464 0.6620938777923584
1604.717674255371 0.6438944339752197
1609.0887880325317 0.40950900316238403
1636.6962676048279 0.7427799701690674
1642.8092205524445 0.443763792514801
1647.3151695728302 0.48882177472114563
1651.7769374847412 0.8284097909927368
1656.2793757915497 0.5805568695068359
1660.7909886837006 0.6227204203605652
1665.236742258072 0.7496527433395386
1669.7439587116241 0.7247984409332275
1674.1752982139587 0.6374965906143188
1678.6524713039398 0.5097777843475342
1683.0945808887482 0.42598164081573486
1687.5578594207764 0.39900532364845276
1691.9885203838348 0.5147855281829834
1696.463913679123 0.5631809830665588
1700.9087884426117 0.5574941039085388
1705.3671061992645 0.6185929179191589
1709.7902970314026 0.5905612111091614
1714.2505259513855 0.6830031871795654
1718.647042274475 0.46551162004470825
1723.0503511428833 0.6927312612533569
1727.4610254764557 0.5531975030899048
1731.9010667800903 0.5874202251434326
1736.364892244339 0.6353254318237305
1740.7568187713623 0.5095880627632141
1745.184324502945 0.5687206983566284
1749.6211655139923 0.6642290353775024
1754.0663282871246 0.7173964977264404
1758.5067694187164 0.6349961161613464
1762.9921996593475 0.4376843571662903
1767.3968937397003 0.7734880447387695
1771.8201780319214 0.3758118450641632
1776.2527675628662 0.5085521936416626
1780.6785356998444 0.6049225926399231
1785.1047949790955 0.5137283802032471
1789.5158603191376 0.5040037631988525
1793.9793713092804 0.626884937286377
1798.4072442054749 0.5145043730735779
1802.851623058319 0.42469578981399536
1807.271598815918 0.967698335647583
1811.6796765327454 0.5386565923690796
1840.305325269699 0.5805587768554688
1846.703308582306 0.4952395558357239
1851.5405204296112 0.41652488708496094
1856.2945580482483 0.426425039768219
1861.0818104743958 0.38366973400115967
1865.9092922210693 0.3855662941932678
1870.745180606842 0.4170725345611572
1875.5102195739746 0.3226472735404968
1880.3465883731842 0.3715539574623108
1885.0932400226593 0.3499012589454651
1889.8417603969574 0.37986820936203003
1894.5805654525757 0.3694162368774414
1899.2421805858612 0.33169054985046387
1903.9175021648407 0.4622584581375122
1908.6136002540588 0.35958635807037354
1913.2935032844543 0.3568040728569031
1917.9858946800232 0.4317530691623688
1922.6786668300629 0.3084987699985504
1927.2984926700592 0.3069830536842346
1931.9167113304138 0.309822678565979
1962.4367852210999 0.31339025497436523
1968.8365108966827 0.3552889823913574
1973.600355386734 0.3135421574115753
1978.3007628917694 0.3319701552391052
1983.000024318695 0.3084368109703064
1987.7080707550049 0.3073936402797699
1992.4398803710938 0.304385244846344
1997.1236553192139 0.30949556827545166
2001.7951476573944 0.30860215425491333
2006.5206968784332 0.2910428047180176
2011.203109741211 0.3031325936317444
2015.868480205536 0.2963312566280365
2020.5618906021118 0.3120245635509491
2025.1975121498108 0.2942061126232147
2029.8617494106293 0.31215745210647583
2034.4882683753967 0.31331244111061096
2039.1870229244232 0.33965152502059937
2043.8590335845947 0.29207876324653625
2048.5443844795227 0.2803983688354492
2053.2463834285736 0.2961852252483368
2083.770609140396 0.30543455481529236
2090.1986474990845 0.3066730499267578
2094.935208082199 0.2824130356311798
2099.6555099487305 0.28119924664497375
2104.3557827472687 0.27519479393959045
2109.0114047527313 0.28857851028442383
2113.7102036476135 0.2846868932247162
2118.373011827469 0.30790185928344727
2123.062210559845 0.2739911675453186
2127.7000482082367 0.2855222821235657
2132.352203607559 0.287483811378479
2137.0777971744537 0.2710248827934265
2141.805828332901 0.26675885915756226
2146.4531483650208 0.2733158469200134
2151.080849647522 0.27538439631462097
2155.706464767456 0.2651001513004303
2160.354991197586 0.2680046558380127
2165.0049047470093 0.27010196447372437
2169.6147327423096 0.25997892022132874
2174.2264807224274 0.2581835389137268
2205.88951587677 0.2552804946899414
2212.248187303543 0.25643613934516907
2216.9772238731384 0.2929323613643646
2221.71630692482 0.2779833674430847
2226.396341562271 0.2560563385486603
2231.0890550613403 0.2557820975780487
2235.8042612075806 0.26249459385871887
2240.544664621353 0.30606701970100403
2245.2331035137177 0.2669167220592499
2249.9307131767273 0.26255765557289124
2254.617939710617 0.24955716729164124
2259.3343846797943 0.24831774830818176
2264.04159283638 0.24952681362628937
2268.736236810684 0.2471681535243988
2273.42005109787 0.2706562876701355
2278.097023010254 0.25365695357322693
2282.743084192276 0.2434922754764557
2287.343106508255 0.24279558658599854
2292.053889989853 0.2503747045993805
2296.6787531375885 0.2486037015914917
2326.9009745121 0.2425394058227539
2334.978759765625 0.24078300595283508
2341.451963663101 0.25168246030807495
2347.923541545868 0.23736245930194855
2354.3959488868713 0.23982833325862885
2360.9878487586975 0.23565754294395447
2367.456684589386 0.2402847558259964
2374.079270839691 0.23692861199378967
2380.825904607773 0.23553544282913208
2387.5408411026 0.2355193793773651
2420.7469890117645 0.2301420122385025
2428.863452196121 0.23051822185516357
2435.3307468891144 0.24110539257526398
2441.844213485718 0.22701986134052277
2448.308080434799 0.22823821008205414
2454.7427277565002 0.22534233331680298
2461.398511171341 0.22573399543762207
2468.003395318985 0.22519750893115997
2474.713737010956 0.22635124623775482
2481.447346687317 0.234281525015831
2515.0256118774414 0.22473359107971191
2523.260879278183 0.22234241664409637
2529.6597332954407 0.2211252599954605
2536.1130895614624 0.22435972094535828
2542.5603053569794 0.2296447902917862
2549.0608553886414 0.2213536947965622
2555.606567621231 0.21695321798324585
2562.265032052994 0.2174859493970871
2569.0018985271454 0.21624433994293213
2575.711101770401 0.21579182147979736
2608.009672164917 0.21646757423877716
2616.1258244514465 0.21368955075740814
2622.535589694977 0.21306228637695312
2628.967915534973 0.21392785012722015
2635.434805870056 0.21037854254245758
2641.9572916030884 0.21458785235881805
2648.5982296466827 0.2121010571718216
2655.0248613357544 0.20815891027450562
2661.6966576576233 0.2115754783153534
2668.348776102066 0.20834249258041382
2702.148118495941 0.20545898377895355
2710.2621986865997 0.2053418755531311
2716.776231765747 0.20524783432483673
2723.236133337021 0.20904365181922913
2729.7107379436493 0.20696015655994415
2736.200894832611 0.2037983536720276
2742.7516639232635 0.20316891372203827
2749.3073217868805 0.20626044273376465
2756.0500316619873 0.2042810022830963
2762.7287290096283 0.20070357620716095
2793.672970533371 0.20547367632389069
2801.771800518036 0.2007916122674942
