15.091190338134766 0.0625
21.982482433319092 0.078125
26.948806047439575 0.15625
32.02957773208618 0.1484375
37.085564613342285 0.1875
42.22906708717346 0.1979166716337204
47.34581470489502 0.2053571492433548
52.44963240623474 0.234375
57.35992455482483 0.2465277761220932
62.13614058494568 0.26875001192092896
66.89685320854187 0.27840909361839294
71.67222046852112 0.3072916567325592
76.60973644256592 0.3197115361690521
81.70841884613037 0.3392857015132904
86.75406813621521 0.3583333194255829
91.83791542053223 0.365234375
96.85463881492615 0.38235294818878174
101.93455028533936 0.3993055522441864
107.03960824012756 0.40953946113586426
112.07072591781616 0.40937501192092896
117.15314531326294 0.4226190447807312
122.22981643676758 0.4360795319080353
127.30125117301941 0.4415760934352875
132.39488577842712 0.4505208432674408
137.42099809646606 0.45875000953674316
142.51458430290222 0.4663461446762085
147.55295753479004 0.4756944477558136
152.61122679710388 0.4877232015132904
157.62246346473694 0.49461206793785095
162.72303676605225 0.5
167.79806089401245 0.5090726017951965
172.84308552742004 0.51953125
177.94038462638855 0.5255681872367859
183.052987575531 0.5303308963775635
188.1451301574707 0.5366071462631226
193.2282898426056 0.5451388955116272
198.31510424613953 0.5498310923576355
203.42126870155334 0.5550987124443054
208.43272924423218 0.5625
213.5106360912323 0.565625011920929
239.67610144615173 0.9375
246.66983246803284 0.84375
251.84412050247192 0.8333333134651184
256.96955394744873 0.8125
262.0678904056549 0.800000011920929
267.22445702552795 0.8177083134651184
272.3422613143921 0.8080357313156128
277.4862644672394 0.8046875
282.65591192245483 0.8125
287.79352045059204 0.815625011920929
292.86950945854187 0.8096590638160706
298.0639183521271 0.8151041865348816
303.18245911598206 0.817307710647583
308.24388456344604 0.8102678656578064
313.3538467884064 0.8145833611488342
318.54999899864197 0.80859375
323.6810369491577 0.810661792755127
328.85650730133057 0.8159722089767456
333.95997643470764 0.8174341917037964
339.1458239555359 0.8187500238418579
344.306928396225 0.819940447807312
349.4360513687134 0.8224431872367859
354.5214321613312 0.82472825050354
359.6480119228363 0.8229166865348816
364.78424525260925 0.8187500238418579
369.9134883880615 0.8209134340286255
375.01728343963623 0.8217592835426331
380.15156292915344 0.8247767686843872
385.303067445755 0.8232758641242981
390.4251446723938 0.8218749761581421
395.54625940322876 0.8256048560142517
400.6964473724365 0.8291015625
405.8567886352539 0.8295454382896423
410.97332978248596 0.8290441036224365
416.133038520813 0.8303571343421936
421.29019927978516 0.8298611044883728
426.3896908760071 0.8310810923576355
431.58522033691406 0.828125
436.7440345287323 0.8317307829856873
441.9255223274231 0.8335937261581421
468.28668093681335 0.96875
475.21904611587524 0.953125
480.1330876350403 0.875
485.25769209861755 0.875
490.3285446166992 0.856249988079071
495.4141049385071 0.8697916865348816
500.50147461891174 0.84375
505.66727471351624 0.84375
510.8379719257355 0.84375
515.9375400543213 0.8500000238418579
521.1038062572479 0.8522727489471436
526.1426601409912 0.8567708134651184
531.2910244464874 0.8581730723381042
536.4319176673889 0.8526785969734192
541.5492055416107 0.856249988079071
546.6816749572754 0.859375
551.766681432724 0.8602941036224365
556.8241775035858 0.8628472089767456
561.976215839386 0.8618420958518982
567.0907714366913 0.8609374761581421
572.1936151981354 0.8601190447807312
577.3270421028137 0.8579545617103577
582.4388737678528 0.8614130616188049
587.5523247718811 0.85546875
592.630211353302 0.8537499904632568
597.684225320816 0.8521634340286255
602.7923533916473 0.8530092835426331
607.9194588661194 0.8537946343421936
613.0280725955963 0.8545258641242981
618.1420159339905 0.8552083373069763
623.1879632472992 0.8588709831237793
628.3170008659363 0.861328125
633.4433298110962 0.8607954382896423
638.5299780368805 0.8584558963775635
643.6513638496399 0.8580357432365417
648.720832824707 0.8576388955116272
653.8135817050934 0.8581081032752991
658.9743282794952 0.8577302694320679
664.0879104137421 0.8565705418586731
669.2063941955566 0.856249988079071
695.7034335136414 0.9069767594337463
702.5987212657928 0.930232584476471
707.4173889160156 0.9147287011146545
712.3287181854248 0.9360465407371521
717.2288191318512 0.9255813956260681
722.1016571521759 0.9186046719551086
727.2085897922516 0.920265793800354
732.3858723640442 0.9244186282157898
737.4902994632721 0.9173126816749573
742.6562871932983 0.9116278886795044
747.7601444721222 0.9133192300796509
752.9626870155334 0.9127907156944275
758.0921506881714 0.9159212708473206
763.2013559341431 0.9152823686599731
768.3829271793365 0.9147287011146545
773.5474202632904 0.9142441749572754
778.7305912971497 0.9110807180404663
783.8750867843628 0.9134367108345032
789.0347225666046 0.9118726849555969
794.227950334549 0.9116278886795044
799.3586738109589 0.9080841541290283
804.4901418685913 0.9080338478088379
809.6771321296692 0.9100100994110107
814.8078770637512 0.9098837375640869
819.9887545108795 0.9088371992111206
825.1559851169586 0.9105545878410339
830.3164677619934 0.9095607399940491
835.4875547885895 0.9111295938491821
840.652016878128 0.911788284778595
845.8104822635651 0.9131782650947571
871.4220881462097 0.930232584476471
878.4871158599854 0.9069767594337463
883.3096425533295 0.8992248177528381
888.1421930789948 0.9069767594337463
893.0036044120789 0.9116278886795044
897.8376619815826 0.9069767594337463
902.7521395683289 0.9102990031242371
907.594847202301 0.9127907156944275
912.5153706073761 0.9147287011146545
917.4338166713715 0.9162790775299072
922.3424055576324 0.9196617603302002
927.1672904491425 0.9166666865348816
932.0346436500549 0.9087656736373901
936.9987437725067 0.9102990031242371
941.8516862392426 0.9116278886795044
946.7143065929413 0.9084302186965942
951.6443841457367 0.9083447456359863
956.520664691925 0.9082687497138977
961.3946850299835 0.9069767594337463
966.3094465732574 0.9023255705833435
971.1662559509277 0.9036544561386108
976.0622844696045 0.8995771408081055
980.880256652832 0.9009100198745728
985.7845675945282 0.9021317958831787
990.6492702960968 0.9041860699653625
995.5172264575958 0.9033989310264587
1000.4443147182465 0.9035314321517944
1005.3242425918579 0.9061461687088013
1010.1906251907349 0.9085806012153625
1015.1061472892761 0.9093023538589478
1041.2015533447266 0.9800000190734863
1048.2456662654877 0.9599999785423279
1053.1372034549713 0.95333331823349
1058.103014945984 0.949999988079071
1063.0399522781372 0.9399999976158142
1067.9085121154785 0.9433333277702332
1072.8775839805603 0.9428571462631226
1077.9087526798248 0.9399999976158142
1083.1299493312836 0.9422222375869751
1088.409151315689 0.9359999895095825
1093.6589250564575 0.9363636374473572
1098.914703130722 0.9366666674613953
1104.1252830028534 0.9384615421295166
1109.396412372589 0.9399999976158142
1114.635810136795 0.9333333373069763
1119.8975338935852 0.9312499761581421
1125.0711731910706 0.9305882453918457
1130.3278069496155 0.9288889169692993
1135.52011013031 0.9315789341926575
1140.7996101379395 0.9290000200271606
1146.1095237731934 0.9323809742927551
1151.3398621082306 0.9318181872367859
1156.5697469711304 0.9339130520820618
1161.7769849300385 0.9358333349227905
1166.984854221344 0.9344000220298767
1197.9083759784698 0.9399999976158142
1204.9365193843842 0.9300000071525574
1209.8594591617584 0.9200000166893005
1214.7845311164856 0.925000011920929
1219.7421793937683 0.9279999732971191
1224.727926492691 0.9300000071525574
1229.660336971283 0.9314285516738892
1234.6290776729584 0.9300000071525574
1239.7126860618591 0.9333333373069763
1244.6073203086853 0.9319999814033508
1249.5542645454407 0.9363636374473572
1254.5171706676483 0.9366666674613953
1259.6913347244263 0.9384615421295166
1264.9309921264648 0.941428542137146
1270.2232055664062 0.937333345413208
1275.4733266830444 0.9362499713897705
1280.7347567081451 0.932941198348999
1285.95658993721 0.9344444274902344
1291.2595131397247 0.9357894659042358
1296.5143013000488 0.9350000023841858
1301.7718706130981 0.9342857003211975
1307.0415761470795 0.9345454573631287
1312.3550837039948 0.9321739077568054
1317.6670091152191 0.9316666722297668
1322.9710855484009 0.930400013923645
1354.6087546348572 0.9655172228813171
1361.846445798874 0.9396551847457886
1366.9122958183289 0.931034505367279
1372.0314316749573 0.9353448152542114
1377.2211093902588 0.934482753276825
1382.2987043857574 0.931034505367279
1387.483128786087 0.9261083602905273
1392.9035108089447 0.9267241358757019
1398.2922849655151 0.9329501986503601
1403.6320872306824 0.9362068772315979
1409.0119049549103 0.9278996586799622
1414.4045386314392 0.9281609058380127
1419.823371887207 0.9297082424163818
1425.2340416908264 0.9334975481033325
1430.5714962482452 0.9356321692466736
1435.930775642395 0.931034505367279
1441.3083465099335 0.9330628514289856
1446.6825325489044 0.9339080452919006
1452.0669708251953 0.934664249420166
1457.392774105072 0.9336206912994385
1462.7841427326202 0.935960590839386
1468.142945766449 0.9365203976631165
1497.5107016563416 0.9466666579246521
1505.1915102005005 0.95333331823349
1510.5932006835938 0.9555555582046509
1516.037139415741 0.949999988079071
1521.5004858970642 0.9466666579246521
1526.9817326068878 0.9511111378669739
1532.415654182434 0.9485714435577393
1537.8736853599548 0.9516666531562805
1543.311830997467 0.9496296048164368
1548.7892413139343 0.9493333101272583
1554.1855280399323 0.9515151381492615
1559.706072807312 0.949999988079071
1565.1421477794647 0.9528205394744873
1570.589870929718 0.9495238065719604
1576.080065727234 0.9493333101272583
1581.5705914497375 0.9508333206176758
1587.044275522232 0.9505882263183594
1616.1477420330048 0.9866666793823242
1623.7108490467072 0.9466666579246521
1629.1020872592926 0.9555555582046509
1634.525449514389 0.95333331823349
1639.9885566234589 0.9573333263397217
1645.3787331581116 0.9555555582046509
1650.8102281093597 0.9485714435577393
1656.2451696395874 0.9483333230018616
1661.637603521347 0.9422222375869751
1667.0569548606873 0.9413333535194397
1672.3601653575897 0.9454545378684998
1677.7531037330627 0.945555567741394
1683.144893169403 0.947692334651947
1688.5790574550629 0.9466666579246521
1694.048412322998 0.9457777738571167
1699.4376213550568 0.9449999928474426
1704.922614812851 0.9435294270515442
1734.860589504242 0.9200000166893005
1742.56604886055 0.9333333373069763
1747.9818682670593 0.9511111378669739
1753.452523469925 0.9466666579246521
1758.879806280136 0.9493333101272583
1764.31782579422 0.9511111378669739
1769.746773481369 0.9485714435577393
1775.2481203079224 0.9516666531562805
1780.7869453430176 0.9540740847587585
1786.5112438201904 0.9546666741371155
1792.1945209503174 0.9551514983177185
1797.8285751342773 0.9522222280502319
1803.5310878753662 0.9548717737197876
1809.2336764335632 0.9561904668807983
1814.8917977809906 0.9555555582046509
1820.5967342853546 0.9574999809265137
1826.286544084549 0.955294132232666
1855.6881682872772 0.9466666579246521
1863.3122613430023 0.9466666579246521
1868.7482721805573 0.9599999785423279
1874.1905300617218 0.9566666483879089
1879.605310678482 0.9573333263397217
1884.965552330017 0.9599999785423279
1890.3661301136017 0.9580952525138855
1895.753161430359 0.9583333134651184
1901.250653743744 0.9585185050964355
1906.723804950714 0.9626666903495789
1912.1164982318878 0.9612120985984802
1917.5485372543335 0.9611111283302307
1923.0335042476654 0.964102566242218
1928.4595403671265 0.9647619128227234
1933.9452900886536 0.9635555744171143
1939.4325516223907 0.9649999737739563
1944.9447791576385 0.9647058844566345
1975.1022107601166 0.9599999785423279
1982.6446421146393 0.95333331823349
1988.0741639137268 0.9599999785423279
1993.510666847229 0.9566666483879089
1998.936494588852 0.9546666741371155
2004.3514337539673 0.95333331823349
2009.8067979812622 0.9466666579246521
2015.1634092330933 0.9483333230018616
2020.572499513626 0.9437037110328674
2026.0196692943573 0.9453333616256714
2031.4518387317657 0.9478787779808044
2036.8583223819733 0.945555567741394
2042.3342955112457 0.947692334651947
2047.7608635425568 0.9485714435577393
2053.2084386348724 0.9466666579246521
2058.670913696289 0.9483333230018616
2064.1489293575287 0.948235273361206
2093.924747943878 0.9466666579246521
2101.62149810791 0.9399999976158142
2107.0681054592133 0.9555555582046509
2112.5202536582947 0.9633333086967468
2117.929671764374 0.9679999947547913
2123.3648364543915 0.9688888788223267
2128.824287891388 0.9676190614700317
2134.259843826294 0.9700000286102295
2139.6539981365204 0.9644444584846497
2145.0839705467224 0.9599999785423279
2150.4401319026947 0.9587878584861755
2155.853043317795 0.9599999785423279
2161.369061946869 0.962051272392273
2166.841300010681 0.9599999785423279
2172.2355465888977 0.9573333263397217
2177.721029996872 0.9566666483879089
2183.214507341385 0.9576470851898193
2212.146952867508 0.9733333587646484
2219.8037757873535 0.9666666388511658
2225.2411501407623 0.9733333587646484
2230.693732023239 0.9666666388511658
2236.1157965660095 0.9653333425521851
2241.5354373455048 0.9688888788223267
2246.9925589561462 0.9676190614700317
2252.492738723755 0.9666666388511658
2257.979298353195 0.9644444584846497
2263.4573051929474 0.9639999866485596
2268.9094891548157 0.9636363387107849
2274.3997480869293 0.9611111283302307
2279.756816148758 0.9610256552696228
2285.2635662555695 0.9590476155281067
2290.772502183914 0.9608888626098633
2296.3519325256348 0.9616666436195374
2301.8331229686737 0.9615686535835266
2331.9883704185486 0.9634146094322205
2339.710639476776 0.9695122241973877
2345.282816171646 0.9674796462059021
2350.939835548401 0.9725610017776489
2356.5059509277344 0.9682926535606384
2362.037915468216 0.9715447425842285
2367.71870303154 0.9703832864761353
2373.413896560669 0.9679877758026123
2379.064212322235 0.9688346982002258
2384.734143257141 0.9670731425285339
2390.290995121002 0.965631902217865
2395.8824083805084 0.9674796462059021
2401.4847297668457 0.9671669602394104
2407.1166775226593 0.9660278558731079
2412.818161010742 0.9658536314964294
2418.4991085529327 0.9672256112098694
2445.5442667007446 0.9772727489471436
2453.5007841587067 0.9715909361839294
2459.2842078208923 0.9659090638160706
2465.086609840393 0.9715909361839294
2470.7993547916412 0.9681817889213562
2476.541290283203 0.9696969985961914
2482.385447025299 0.9724025726318359
2488.1814868450165 0.9715909361839294
2493.9986832141876 0.9734848737716675
2499.8239171504974 0.9715909361839294
2505.613879919052 0.9700413346290588
2511.421168088913 0.9725378751754761
2517.2781443595886 0.9720279574394226
2523.0946311950684 0.9715909361839294
2528.930673599243 0.9712121486663818
2556.686750650406 1.0
2564.6334507465363 0.9887640476226807
2570.3551003932953 0.966292142868042
2576.1378467082977 0.966292142868042
2581.8770344257355 0.9640449285507202
2587.6360149383545 0.9625468254089355
2593.3735179901123 0.9630818367004395
2599.1321210861206 0.9634831547737122
2604.833494901657 0.961298406124115
2610.5675251483917 0.9595505595207214
2616.3251814842224 0.9591419696807861
2622.1022980213165 0.9588015079498291
2627.933746576309 0.9585133790969849
2633.7786066532135 0.9598715901374817
2639.5348513126373 0.9617977738380432
2666.4870734214783 0.9646017551422119
2675.168124437332 0.9690265655517578
2681.5369386672974 0.9705014824867249
2687.9600949287415 0.9756637215614319
2694.410085916519 0.9752212166786194
2700.7322747707367 0.974926233291626
2707.155401468277 0.9696586728096008
2713.5508885383606 0.9690265655517578
2720.0953199863434 0.9695181846618652
2726.689398765564 0.9707964658737183
2733.1736228466034 0.9694287776947021
2739.6801874637604 0.9682890772819519
2765.6664159297943 0.982300877571106
2774.395792245865 0.991150438785553
2780.70365190506 0.98525071144104
2787.1554770469666 0.982300877571106
2793.4862575531006 0.9840707778930664
2800.009739637375 0.9808259606361389
2806.5185539722443 0.9797724485397339
2813.0372581481934 0.9811946749687195
2819.6355814933777 0.9773844480514526
2826.1994199752808 0.9778761267662048
2832.752029657364 0.975864827632904
2839.328861951828 0.976401150226593
