15.091190338134766 4.889651298522949
21.982482433319092 2.7892379760742188
26.948806047439575 2.5838754177093506
32.02957773208618 2.4990131855010986
37.085564613342285 2.425123929977417
42.22906708717346 2.2375335693359375
47.34581470489502 2.5562903881073
52.44963240623474 2.1113088130950928
57.35992455482483 1.8817451000213623
62.13614058494568 1.7521886825561523
66.89685320854187 1.9829212427139282
71.67222046852112 1.7708760499954224
76.60973644256592 1.8152756690979004
81.70841884613037 1.932279348373413
86.75406813621521 1.5580986738204956
91.83791542053223 2.051947832107544
96.85463881492615 1.6516083478927612
101.93455028533936 1.4584401845932007
107.03960824012756 1.5152214765548706
112.07072591781616 1.9083751440048218
117.15314531326294 1.4491199254989624
122.22981643676758 1.0591117143630981
127.30125117301941 1.3982499837875366
132.39488577842712 1.3722140789031982
137.42099809646606 1.2373533248901367
142.51458430290222 1.4811267852783203
147.55295753479004 0.9615062475204468
152.61122679710388 0.7454987168312073
157.62246346473694 1.0956833362579346
162.72303676605225 1.0976483821868896
167.79806089401245 0.8779499530792236
172.84308552742004 0.7107753753662109
177.94038462638855 1.0081493854522705
183.052987575531 0.9561783671379089
188.1451301574707 1.031479835510254
193.2282898426056 0.8364763259887695
198.31510424613953 0.8693283796310425
203.42126870155334 0.8842424154281616
208.43272924423218 0.9412833452224731
213.5106360912323 1.1918134689331055
239.67610144615173 0.5961228609085083
246.66983246803284 0.8519923686981201
251.84412050247192 0.788427472114563
256.96955394744873 0.87749183177948
262.0678904056549 1.124593734741211
267.22445702552795 0.621457040309906
272.3422613143921 1.1110751628875732
277.4862644672394 0.7655134797096252
282.65591192245483 0.6206598281860352
287.79352045059204 0.7658904790878296
292.86950945854187 0.8711949586868286
298.0639183521271 0.811394214630127
303.18245911598206 0.8699876070022583
308.24388456344604 0.9884657263755798
313.3538467884064 0.6214661002159119
318.54999899864197 1.0517488718032837
323.6810369491577 0.7319670915603638
328.85650730133057 0.6174966096878052
333.95997643470764 0.6977849006652832
339.1458239555359 0.623555064201355
344.306928396225 0.7901180386543274
349.4360513687134 0.6325197815895081
354.5214321613312 0.6582901477813721
359.6480119228363 1.0741721391677856
364.78424525260925 0.9276663064956665
369.9134883880615 0.6652740836143494
375.01728343963623 0.6417615413665771
380.15156292915344 0.5795137286186218
385.303067445755 0.7538113594055176
390.4251446723938 0.8398087024688721
395.54625940322876 0.47074824571609497
400.6964473724365 0.44533294439315796
405.8567886352539 0.6992505788803101
410.97332978248596 0.6841034293174744
416.133038520813 0.6617581844329834
421.29019927978516 0.6787301301956177
426.3896908760071 0.6244748830795288
431.58522033691406 0.7755241394042969
436.7440345287323 0.5503437519073486
441.9255223274231 0.6996645331382751
468.28668093681335 0.43657609820365906
475.21904611587524 0.5031750202178955
480.1330876350403 0.9727283120155334
485.25769209861755 0.7806122899055481
490.3285446166992 0.8735400438308716
495.4141049385071 0.47071918845176697
500.50147461891174 0.9638397693634033
505.66727471351624 0.7498471736907959
510.8379719257355 0.6123156547546387
515.9375400543213 0.5341506600379944
521.1038062572479 0.5958814024925232
526.1426601409912 0.6964437365531921
531.2910244464874 0.57273268699646
536.4319176673889 0.841564416885376
541.5492055416107 0.591153085231781
546.6816749572754 0.5903549194335938
551.766681432724 0.55524742603302
556.8241775035858 0.6496526598930359
561.976215839386 0.6971640586853027
567.0907714366913 0.6516904830932617
572.1936151981354 0.6954286098480225
577.3270421028137 0.673072338104248
582.4388737678528 0.4923432469367981
587.5523247718811 1.0466419458389282
592.630211353302 0.5923762321472168
597.684225320816 0.8248839378356934
602.7923533916473 0.6400572061538696
607.9194588661194 0.5559744834899902
613.0280725955963 0.6570849418640137
618.1420159339905 0.6928760409355164
623.1879632472992 0.45657795667648315
628.3170008659363 0.4685591459274292
633.4433298110962 0.6728573441505432
638.5299780368805 0.7640738487243652
643.6513638496399 0.7243272662162781
648.720832824707 0.6462966799736023
653.8135817050934 0.693509578704834
658.9743282794952 0.6342151165008545
664.0879104137421 0.6047409772872925
669.2063941955566 0.6478480100631714
695.7034335136414 0.50187748670578
702.5987212657928 0.38199132680892944
707.4173889160156 0.5653839707374573
712.3287181854248 0.3837907314300537
717.2288191318512 0.585740327835083
722.1016571521759 0.5549682378768921
727.2085897922516 0.4660623073577881
732.3858723640442 0.503448486328125
737.4902994632721 0.5909502506256104
742.6562871932983 0.7449270486831665
747.7601444721222 0.41042038798332214
752.9626870155334 0.5924460887908936
758.0921506881714 0.41331392526626587
763.2013559341431 0.48349153995513916
768.3829271793365 0.6944716572761536
773.5474202632904 0.6121883988380432
778.7305912971497 0.6585390567779541
783.8750867843628 0.6042476296424866
789.0347225666046 0.6124194264411926
794.227950334549 0.7161535024642944
799.3586738109589 0.6421576738357544
804.4901418685913 0.6256716251373291
809.6771321296692 0.452189564704895
814.8078770637512 0.48955613374710083
819.9887545108795 0.4815455377101898
825.1559851169586 0.4516448378562927
830.3164677619934 0.6314941644668579
835.4875547885895 0.41905343532562256
840.652016878128 0.5508702993392944
845.8104822635651 0.46593979001045227
871.4220881462097 0.5311397314071655
878.4871158599854 0.4965589642524719
883.3096425533295 0.5852302312850952
888.1421930789948 0.46389681100845337
893.0036044120789 0.5197713971138
897.8376619815826 0.5961359739303589
902.7521395683289 0.5081223845481873
907.594847202301 0.4922322630882263
912.5153706073761 0.5415163040161133
917.4338166713715 0.5004410743713379
922.3424055576324 0.4200925827026367
927.1672904491425 0.680459201335907
932.0346436500549 0.6994013786315918
936.9987437725067 0.5007574558258057
941.8516862392426 0.5232574939727783
946.7143065929413 0.683966875076294
951.6443841457367 0.501255989074707
956.520664691925 0.5084450244903564
961.3946850299835 0.5644676685333252
966.3094465732574 0.7244796752929688
971.1662559509277 0.4601958394050598
976.0622844696045 0.6923613548278809
980.880256652832 0.5313742160797119
985.7845675945282 0.4827027916908264
990.6492702960968 0.452667236328125
995.5172264575958 0.5203431248664856
1000.4443147182465 0.615831732749939
1005.3242425918579 0.43567943572998047
1010.1906251907349 0.4199006259441376
1015.1061472892761 0.4696471691131592
1041.2015533447266 0.3522069454193115
1048.2456662654877 0.5226927995681763
1053.1372034549713 0.3998708724975586
1058.103014945984 0.42528313398361206
1063.0399522781372 0.5791178941726685
1067.9085121154785 0.41054463386535645
1072.8775839805603 0.4706277847290039
1077.9087526798248 0.5337974429130554
1083.1299493312836 0.4326312243938446
1088.409151315689 0.6575411558151245
1093.6589250564575 0.4515846073627472
1098.914703130722 0.45115306973457336
1104.1252830028534 0.41164150834083557
1109.396412372589 0.3707216680049896
1114.635810136795 0.6529749631881714
1119.8975338935852 0.4791521430015564
1125.0711731910706 0.4358523488044739
1130.3278069496155 0.5874893665313721
1135.52011013031 0.3808322250843048
1140.7996101379395 0.6375780701637268
1146.1095237731934 0.3471395969390869
1151.3398621082306 0.44956743717193604
1156.5697469711304 0.4346636235713959
1161.7769849300385 0.33987465500831604
1166.984854221344 0.556593120098114
1197.9083759784698 0.4401237964630127
1204.9365193843842 0.546550989151001
1209.8594591617584 0.4967144727706909
1214.7845311164856 0.44339728355407715
1219.7421793937683 0.49314939975738525
1224.727926492691 0.47871795296669006
1229.660336971283 0.5146825313568115
1234.6290776729584 0.4848998785018921
1239.7126860618591 0.3612141013145447
1244.6073203086853 0.5391358137130737
1249.5542645454407 0.3535673916339874
1254.5171706676483 0.4112401008605957
1259.6913347244263 0.4148796498775482
1264.9309921264648 0.39214152097702026
1270.2232055664062 0.5678459405899048
1275.4733266830444 0.5550974011421204
1280.7347567081451 0.5919604301452637
1285.95658993721 0.4171692132949829
1291.2595131397247 0.46458542346954346
1296.5143013000488 0.5087438821792603
1301.7718706130981 0.4620611071586609
1307.0415761470795 0.4976142644882202
1312.3550837039948 0.5309357047080994
1317.6670091152191 0.4804655909538269
1322.9710855484009 0.560030460357666
1354.6087546348572 0.3801346719264984
1361.846445798874 0.47458410263061523
1366.9122958183289 0.5361002683639526
1372.0314316749573 0.44940435886383057
1377.2211093902588 0.4969269931316376
1382.2987043857574 0.4872654378414154
1387.483128786087 0.48822060227394104
1392.9035108089447 0.44557416439056396
1398.2922849655151 0.3885568082332611
1403.6320872306824 0.43162235617637634
1409.0119049549103 0.5927728414535522
1414.4045386314392 0.4976329207420349
1419.823371887207 0.4254809021949768
1425.2340416908264 0.3217572569847107
1430.5714962482452 0.39723363518714905
1435.930775642395 0.5624536275863647
1441.3083465099335 0.3801119923591614
1446.6825325489044 0.4870155453681946
1452.0669708251953 0.4784030020236969
1457.392774105072 0.5192703008651733
1462.7841427326202 0.34145495295524597
1468.142945766449 0.4077479839324951
1497.5107016563416 0.40688955783843994
1505.1915102005005 0.4232153594493866
1510.5932006835938 0.43222349882125854
1516.037139415741 0.4932937026023865
1521.5004858970642 0.41526561975479126
1526.9817326068878 0.3579385280609131
1532.415654182434 0.5059337019920349
1537.8736853599548 0.33558931946754456
1543.311830997467 0.42517954111099243
1548.7892413139343 0.43848496675491333
1554.1855280399323 0.3592188060283661
1559.706072807312 0.40173017978668213
1565.1421477794647 0.32188737392425537
1570.589870929718 0.47578996419906616
1576.080065727234 0.41863057017326355
1581.5705914497375 0.3405790627002716
1587.044275522232 0.3981741666793823
1616.1477420330048 0.30565041303634644
1623.7108490467072 0.46827155351638794
1629.1020872592926 0.36016935110092163
1634.525449514389 0.40183770656585693
1639.9885566234589 0.34193694591522217
1645.3787331581116 0.370635449886322
1650.8102281093597 0.468421995639801
1656.2451696395874 0.36812058091163635
1661.637603521347 0.5851625204086304
1667.0569548606873 0.4189620018005371
1672.3601653575897 0.3050566613674164
1677.7531037330627 0.3524530827999115
1683.144893169403 0.38044893741607666
1688.5790574550629 0.4529258608818054
1694.048412322998 0.3839540481567383
1699.4376213550568 0.4090816378593445
1704.922614812851 0.41933760046958923
1734.860589504242 0.4211293160915375
1742.56604886055 0.3812599778175354
1747.9818682670593 0.29147869348526
1753.452523469925 0.37450000643730164
1758.879806280136 0.39041727781295776
1764.31782579422 0.35800960659980774
1769.746773481369 0.45668551325798035
1775.2481203079224 0.31605565547943115
1780.7869453430176 0.4150552749633789
1786.5112438201904 0.44237762689590454
1792.1945209503174 0.3694167137145996
1797.8285751342773 0.4518984258174896
1803.5310878753662 0.30482763051986694
1809.2336764335632 0.3084423840045929
1814.8917977809906 0.44482433795928955
1820.5967342853546 0.31743279099464417
1826.286544084549 0.47034400701522827
1855.6881682872772 0.38191401958465576
1863.3122613430023 0.40900224447250366
1868.7482721805573 0.38911664485931396
1874.1905300617218 0.49563467502593994
1879.605310678482 0.36028867959976196
1884.965552330017 0.318081259727478
1890.3661301136017 0.3830071985721588
1895.753161430359 0.3619249165058136
1901.250653743744 0.3288210928440094
1906.723804950714 0.3131849765777588
1912.1164982318878 0.37317371368408203
1917.5485372543335 0.4307687282562256
1923.0335042476654 0.29043063521385193
1928.4595403671265 0.34227287769317627
1933.9452900886536 0.40201473236083984
1939.4325516223907 0.31747010350227356
1944.9447791576385 0.32772374153137207
1975.1022107601166 0.3537217378616333
1982.6446421146393 0.39404767751693726
1988.0741639137268 0.33540067076683044
1993.510666847229 0.38302671909332275
1998.936494588852 0.3996974229812622
2004.3514337539673 0.33586549758911133
2009.8067979812622 0.4687632918357849
2015.1634092330933 0.3677755892276764
2020.572499513626 0.4632560908794403
2026.0196692943573 0.3603111505508423
2031.4518387317657 0.3341756761074066
2036.8583223819733 0.4343666732311249
2042.3342955112457 0.32771027088165283
2047.7608635425568 0.33407607674598694
2053.2084386348724 0.41091209650039673
2058.670913696289 0.333071231842041
2064.1489293575287 0.3891303539276123
2093.924747943878 0.41524553298950195
2101.62149810791 0.5048985481262207
2107.0681054592133 0.29893770813941956
2112.5202536582947 0.3562209904193878
2117.929671764374 0.31411442160606384
2123.3648364543915 0.3577905297279358
2128.824287891388 0.3606705069541931
2134.259843826294 0.3054778575897217
2139.6539981365204 0.39099451899528503
2145.0839705467224 0.4688924551010132
2150.4401319026947 0.3536810576915741
2155.853043317795 0.32883328199386597
2161.369061946869 0.31515973806381226
2166.841300010681 0.44169312715530396
2172.2355465888977 0.42513006925582886
2177.721029996872 0.4443305730819702
2183.214507341385 0.31521257758140564
2212.146952867508 0.3113988935947418
2219.8037757873535 0.3254503309726715
2225.2411501407623 0.3186929523944855
2230.693732023239 0.3899137079715729
2236.1157965660095 0.3582078814506531
2241.5354373455048 0.3300291895866394
2246.9925589561462 0.3707045316696167
2252.492738723755 0.39447951316833496
2257.979298353195 0.4533783793449402
2263.4573051929474 0.4018128514289856
2268.9094891548157 0.3957189917564392
2274.3997480869293 0.40056470036506653
2279.756816148758 0.3578590750694275
2285.2635662555695 0.4890439510345459
2290.772502183914 0.31814447045326233
2296.3519325256348 0.3348446488380432
2301.8331229686737 0.3370065987110138
2331.9883704185486 0.33839768171310425
2339.710639476776 0.324457049369812
2345.282816171646 0.33413439989089966
2350.939835548401 0.2927328646183014
2356.5059509277344 0.38364678621292114
2362.037915468216 0.30578646063804626
2367.71870303154 0.3671010434627533
2373.413896560669 0.4296342134475708
2379.064212322235 0.31683582067489624
2384.734143257141 0.3198084831237793
2390.290995121002 0.3541383743286133
2395.8824083805084 0.30769258737564087
2401.4847297668457 0.3620896339416504
2407.1166775226593 0.39991772174835205
2412.818161010742 0.34820061922073364
2418.4991085529327 0.28766095638275146
2445.5442667007446 0.33011090755462646
2453.5007841587067 0.3859095573425293
2459.2842078208923 0.33675500750541687
2465.086609840393 0.2852914035320282
2470.7993547916412 0.325874000787735
2476.541290283203 0.32123851776123047
2482.385447025299 0.2977946400642395
2488.1814868450165 0.339027464389801
2493.9986832141876 0.28442734479904175
2499.8239171504974 0.3473774194717407
2505.613879919052 0.33949166536331177
2511.421168088913 0.25144490599632263
2517.2781443595886 0.33486390113830566
2523.0946311950684 0.30666202306747437
2528.930673599243 0.325594961643219
2556.686750650406 0.2585262656211853
2564.6334507465363 0.3278115391731262
2570.3551003932953 0.37808316946029663
2576.1378467082977 0.3562595844268799
2581.8770344257355 0.3258141577243805
2587.6360149383545 0.3374297618865967
2593.3735179901123 0.41670483350753784
2599.1321210861206 0.3558907210826874
2604.833494901657 0.40634554624557495
2610.5675251483917 0.39248770475387573
2616.3251814842224 0.32320159673690796
2622.1022980213165 0.3462255001068115
2627.933746576309 0.36619633436203003
2633.7786066532135 0.3040100336074829
2639.5348513126373 0.28191566467285156
2666.4870734214783 0.29688042402267456
2675.168124437332 0.31032776832580566
2681.5369386672974 0.30429041385650635
2687.9600949287415 0.2566888630390167
2694.410085916519 0.30491912364959717
2700.7322747707367 0.28034090995788574
2707.155401468277 0.39764368534088135
2713.5508885383606 0.2932220995426178
2720.0953199863434 0.31752681732177734
2726.689398765564 0.3075544834136963
2733.1736228466034 0.312298446893692
2739.6801874637604 0.3131624162197113
2765.6664159297943 0.28083541989326477
2774.395792245865 0.23025494813919067
2780.70365190506 0.3297933340072632
2787.1554770469666 0.28927406668663025
2793.4862575531006 0.2797124981880188
2800.009739637375 0.2908693850040436
2806.5185539722443 0.2825251817703247
2813.0372581481934 0.264842689037323
2819.6355814933777 0.32427701354026794
2826.1994199752808 0.26954108476638794
2832.752029657364 0.32833895087242126
2839.328861951828 0.27951735258102417
