14.27860975265503 7.505995750427246
33.67582845687866 22.428449630737305
50.2137405872345 19.30082130432129
79.45529437065125 18.053171157836914
98.610600233078 15.565235137939453
116.12390804290771 13.477458953857422
145.86635637283325 12.629148483276367
165.06022667884827 10.833573341369629
182.64193654060364 9.383139610290527
211.80883359909058 8.7241849899292
231.0491223335266 7.541359901428223
248.85133981704712 6.525720119476318
278.4487907886505 6.181234359741211
296.9419996738434 5.2241644859313965
313.6811225414276 4.52324914932251
343.1796221733093 4.296324253082275
362.5839807987213 3.661409378051758
379.23409938812256 3.1782338619232178
408.0869128704071 2.9688918590545654
427.27057123184204 2.5612800121307373
445.8289577960968 2.2377755641937256
475.56826734542847 2.1707847118377686
495.01637864112854 1.918033242225647
513.5629487037659 1.6450906991958618
543.8877923488617 1.6604523658752441
563.3779983520508 1.403977394104004
582.0675568580627 1.234250545501709
612.543114900589 1.2592895030975342
632.0440657138824 1.126179575920105
650.7853629589081 0.9937644004821777
680.6018395423889 0.9880704283714294
700.2009284496307 0.8969071507453918
718.7824892997742 0.8382614850997925
748.6823205947876 0.8377723097801208
768.1615812778473 0.7774957418441772
786.5841448307037 0.6758196949958801
816.535561800003 0.716130256652832
836.056791305542 0.6476740837097168
854.3227558135986 0.6097458600997925
884.2697947025299 0.6028214693069458
903.4701342582703 0.5715799331665039
920.6320629119873 0.564363956451416
949.8104183673859 0.5269888639450073
969.2152173519135 0.511951208114624
988.1565589904785 0.4742838144302368
1018.4938862323761 0.4577103853225708
1037.9264795780182 0.48281505703926086
1056.479360818863 0.44866111874580383
1086.430077791214 0.45525291562080383
1105.8869454860687 0.49205726385116577
1124.3667480945587 0.4362698793411255
1154.3019001483917 0.42921197414398193
1174.0049993991852 0.4347352981567383
1192.633141040802 0.43275877833366394
1223.0756747722626 0.38065385818481445
1242.5829367637634 0.397625207901001
1260.7274751663208 0.4045916497707367
1290.6124441623688 0.44510239362716675
1310.014788389206 0.40816545486450195
1326.8140864372253 0.38116389513015747
