14.27860975265503 0.099609375
33.67582845687866 0.130859375
50.2137405872345 0.1529947966337204
79.45529437065125 0.201171875
98.610600233078 0.2275390625
116.12390804290771 0.2545572817325592
145.86635637283325 0.32421875
165.06022667884827 0.373046875
182.64193654060364 0.3984375
211.80883359909058 0.4765625
231.0491223335266 0.517578125
248.85133981704712 0.544921875
278.4487907886505 0.54296875
296.9419996738434 0.6064453125
313.6811225414276 0.638671875
343.1796221733093 0.66796875
362.5839807987213 0.6962890625
379.23409938812256 0.7233073115348816
408.0869128704071 0.779296875
427.27057123184204 0.791015625
445.8289577960968 0.80859375
475.56826734542847 0.82421875
495.01637864112854 0.8369140625
513.5629487037659 0.8430989384651184
543.8877923488617 0.82421875
563.3779983520508 0.845703125
582.0675568580627 0.861328125
612.543114900589 0.853515625
632.0440657138824 0.869140625
650.7853629589081 0.8828125
680.6018395423889 0.8828125
700.2009284496307 0.890625
718.7824892997742 0.896484375
748.6823205947876 0.884765625
768.1615812778473 0.8984375
786.5841448307037 0.9029948115348816
816.535561800003 0.890625
836.056791305542 0.904296875
854.3227558135986 0.908203125
884.2697947025299 0.908203125
903.4701342582703 0.912109375
920.6320629119873 0.91796875
949.8104183673859 0.935546875
969.2152173519135 0.93359375
988.1565589904785 0.9388020634651184
1018.4938862323761 0.939453125
1037.9264795780182 0.9365234375
1056.479360818863 0.9375
1086.430077791214 0.94140625
1105.8869454860687 0.9375
1124.3667480945587 0.9407551884651184
1154.3019001483917 0.947265625
1174.0049993991852 0.9453125
1192.633141040802 0.9427083134651184
1223.0756747722626 0.958984375
1242.5829367637634 0.9560546875
1260.7274751663208 0.9544270634651184
1290.6124441623688 0.9296875
1310.014788389206 0.9375
1326.8140864372253 0.943359375
