18.449994325637817 4.603542327880859
24.872057914733887 3.8631253242492676
29.59472131729126 3.476949691772461
34.25547766685486 3.340359687805176
38.9821343421936 3.1292731761932373
43.688337564468384 3.0248355865478516
48.35399556159973 2.983722686767578
52.986329555511475 2.830413818359375
57.606048583984375 2.790740489959717
62.270811796188354 2.526042938232422
66.97959733009338 2.3860294818878174
71.66210794448853 2.3154306411743164
76.24511504173279 2.032050848007202
80.85469388961792 2.12886381149292
85.40956258773804 2.033841609954834
90.02821731567383 2.0450820922851562
94.60939979553223 1.8937140703201294
99.27026724815369 1.9206609725952148
103.92489385604858 1.8631781339645386
108.47994780540466 1.430794596672058
137.72480154037476 1.608041524887085
144.05373978614807 1.6530965566635132
148.75570702552795 1.6192705631256104
153.46574711799622 1.526673674583435
158.10361409187317 1.333276391029358
162.73031401634216 1.1284716129302979
167.36883020401 0.9876155257225037
171.97058844566345 1.2970261573791504
176.57466983795166 0.9670292139053345
181.1515052318573 1.1135272979736328
185.7418074607849 0.8031030893325806
190.4013671875 0.8167474269866943
195.00026392936707 0.9304437041282654
199.58975791931152 0.887792706489563
204.154438495636 0.7283232808113098
208.7072570323944 0.8621059656143188
213.31370306015015 0.9335439801216125
217.90629386901855 0.878826379776001
222.48475694656372 0.790360689163208
227.04693460464478 0.8717644214630127
256.73773670196533 0.7406412363052368
263.2030050754547 0.7039053440093994
267.87869596481323 0.8426370620727539
272.5683798789978 1.1498196125030518
277.20635294914246 0.9080520272254944
281.8346724510193 0.8648346662521362
286.4686119556427 0.7782570123672485
291.1117944717407 0.9030133485794067
295.7880253791809 0.7010254859924316
300.41845202445984 0.8734985589981079
305.09597277641296 0.9392403364181519
309.7188971042633 0.8578459620475769
314.3684387207031 0.7404345870018005
318.96713757514954 0.6226906776428223
323.57510209083557 0.758832573890686
328.204870223999 0.712527871131897
332.8281235694885 0.652884840965271
337.46704721450806 0.6299227476119995
342.09052324295044 0.7309074401855469
346.66349506378174 0.6269418001174927
376.524715423584 0.678370475769043
383.0016598701477 0.8035264611244202
387.6217186450958 0.6231510639190674
392.3583314418793 0.7679100036621094
397.0452198982239 0.7475333213806152
401.78071117401123 0.6323848962783813
406.47043538093567 0.6121008396148682
411.1438751220703 0.7699425220489502
415.77467608451843 0.7517852783203125
420.3937723636627 0.663232684135437
425.04387617111206 0.7423957586288452
429.6781780719757 0.7612013816833496
434.32548356056213 0.6108843684196472
438.9233784675598 0.8161380887031555
443.54188346862793 0.43871551752090454
448.15709710121155 0.6394808292388916
452.73180651664734 0.5013638734817505
457.2960741519928 0.484295517206192
461.95170402526855 0.5448741912841797
466.5166451931 0.8117582201957703
496.44208002090454 0.5599076747894287
503.06278371810913 0.6166180372238159
507.74711751937866 0.6188439130783081
512.4283072948456 0.763997495174408
517.15585064888 0.5843444466590881
521.8856105804443 0.45507845282554626
526.5344436168671 0.7288837432861328
531.1848168373108 0.6227614879608154
535.8533184528351 0.6098666191101074
540.4934940338135 0.5883095264434814
545.1128098964691 0.7885795831680298
549.7527265548706 0.5087623596191406
554.3912827968597 0.7685295939445496
559.0533282756805 0.6257290840148926
563.6953842639923 0.6060222387313843
568.322135925293 0.6174530386924744
572.929710149765 0.44554877281188965
577.52854347229 0.6362290382385254
582.1274645328522 0.6973852515220642
586.6863858699799 0.4346352815628052
615.6779327392578 0.7320902347564697
622.1050927639008 0.6185550689697266
626.8399698734283 0.5786616206169128
631.6206538677216 0.6344823837280273
636.3055610656738 0.717947781085968
640.9592845439911 1.1028763055801392
645.603107213974 0.5885378122329712
650.2860646247864 0.5922369956970215
654.9058263301849 0.4595761001110077
659.6594741344452 0.5727478265762329
664.364814043045 0.5581520795822144
669.0270280838013 0.6793876886367798
673.7179863452911 0.5682514905929565
678.3775701522827 0.5996125936508179
682.9730784893036 0.6838144659996033
687.5943052768707 0.5337784290313721
692.1900057792664 0.5982154607772827
696.8434135913849 0.6567031145095825
701.4569973945618 0.7114061713218689
706.0836963653564 0.6493009328842163
735.4178981781006 0.7569488883018494
741.7924649715424 0.6466372013092041
746.4756669998169 0.836980938911438
751.1718926429749 0.5611432790756226
755.7728674411774 0.5003820657730103
760.5075573921204 0.5940994024276733
765.1160850524902 0.62770676612854
769.7900633811951 0.543819785118103
774.4744563102722 0.650302529335022
779.101761341095 0.4490993022918701
783.7000188827515 0.5141528844833374
788.3389737606049 0.5042892694473267
793.0314259529114 0.5567585229873657
797.6363041400909 0.500537633895874
802.3166613578796 0.6383761763572693
806.957859992981 0.6589689254760742
811.5942187309265 0.6461849212646484
816.1767175197601 0.5895500183105469
820.7898354530334 0.6181789636611938
825.3733470439911 0.5511636734008789
854.8054301738739 0.4797685444355011
861.2449767589569 0.4784606695175171
866.032289981842 0.607002854347229
870.8428475856781 0.5018935203552246
875.5822646617889 0.5088558793067932
880.2677190303802 0.6163618564605713
885.0040299892426 0.6635850071907043
889.637864112854 0.7237226963043213
894.2627103328705 0.5667558312416077
898.8922033309937 0.575434684753418
903.4864473342896 0.6685072183609009
908.1137509346008 0.5659530162811279
912.7606613636017 0.4324326515197754
917.3990256786346 0.5003416538238525
922.0435223579407 0.463797926902771
926.6558880805969 0.44307512044906616
931.2392387390137 0.5437877178192139
935.8151531219482 0.4672466516494751
940.3860981464386 0.7074522972106934
945.0397047996521 0.594464898109436
973.5323586463928 0.5474579334259033
980.0183570384979 0.7283885478973389
984.8151679039001 0.6160640716552734
989.6291837692261 0.6337029933929443
994.4279556274414 0.6784635782241821
999.165271282196 0.526443362236023
1003.9310834407806 0.49899184703826904
1008.7234978675842 0.5336803197860718
1013.5042378902435 0.5434169769287109
1018.272789478302 0.6486383676528931
1022.9800357818604 0.6497095823287964
1027.6972396373749 0.571442723274231
1032.3331773281097 0.774574339389801
1037.0540602207184 0.5971502065658569
1041.7442967891693 0.5039772987365723
1046.462563753128 0.6050021648406982
1051.1050045490265 0.5604680776596069
1055.7843244075775 0.5234701633453369
1060.4677073955536 0.46531787514686584
1065.169971704483 0.5593698024749756
1094.533173084259 0.673676073551178
1101.050540447235 0.6027482748031616
1105.7568254470825 0.5549523234367371
1110.5306355953217 0.41771480441093445
1115.2435791492462 0.5034782290458679
1119.926679611206 0.457502156496048
1124.6542973518372 0.4744410514831543
1129.3556966781616 0.4669743776321411
1134.08469748497 0.4827003479003906
1138.8251080513 0.38078171014785767
1143.504942893982 0.3551451861858368
1148.2112758159637 0.4128340780735016
1152.8759331703186 0.38791656494140625
1157.5788910388947 0.3386164903640747
1162.2281284332275 0.33434635400772095
1166.9614918231964 0.37200212478637695
1171.6255044937134 0.34297120571136475
1176.2913181781769 0.3763374090194702
1180.9576907157898 0.33450716733932495
1185.5708448886871 0.32488322257995605
1214.6905715465546 0.37118226289749146
1221.0198667049408 0.3375098407268524
1225.708689212799 0.33044007420539856
1230.3820896148682 0.2923373281955719
1235.0481219291687 0.3256656527519226
1239.696081161499 0.2933719754219055
1244.3130407333374 0.35664212703704834
1248.9904890060425 0.32602402567863464
1253.665676832199 0.3430670201778412
1258.2525382041931 0.31383612751960754
1262.92307472229 0.2907796800136566
1267.5321304798126 0.3126847743988037
1272.1930615901947 0.2860756516456604
1276.8420524597168 0.3668828308582306
1281.531257390976 0.3454352021217346
1286.159847021103 0.2934560179710388
1290.7986769676208 0.2777986228466034
1295.430920124054 0.3009216785430908
1300.1005840301514 0.2756548225879669
1304.7290925979614 0.2796134948730469
1333.7180938720703 0.2923288345336914
1339.980429649353 0.28293952345848083
1344.7335224151611 0.2874569892883301
1349.4000880718231 0.2823798656463623
1354.0847554206848 0.2543012499809265
1358.7830290794373 0.2887829542160034
1363.4520931243896 0.2520087659358978
1368.1301617622375 0.3314673900604248
1372.806509256363 0.25185370445251465
1377.426644563675 0.28607308864593506
1382.034568309784 0.2519204914569855
1386.7096028327942 0.2936747074127197
1391.3999602794647 0.29071173071861267
1396.0215175151825 0.2644812762737274
1400.65634059906 0.2424296736717224
1405.2908973693848 0.2504326105117798
1409.911099910736 0.2808959186077118
1414.5371415615082 0.24049806594848633
1419.1002542972565 0.2612244188785553
1423.6865391731262 0.23410403728485107
1452.701399564743 0.24062135815620422
1459.0845983028412 0.25278526544570923
1463.8032507896423 0.2436840683221817
1468.4997174739838 0.259941041469574
1473.2283263206482 0.24482816457748413
1477.9427258968353 0.2542351484298706
1482.630121231079 0.2818205952644348
1487.2632060050964 0.22192274034023285
1491.8926248550415 0.23688358068466187
1496.512680053711 0.23863688111305237
1501.1241402626038 0.2966071367263794
1505.8090906143188 0.2168763428926468
1510.442061662674 0.21878501772880554
1515.0130133628845 0.21584096550941467
1519.6325767040253 0.2156759351491928
1524.2330420017242 0.26021236181259155
1528.8229155540466 0.22465965151786804
1533.46311211586 0.23300212621688843
1538.1031684875488 0.2051955610513687
1542.7055702209473 0.21079906821250916
1571.382291316986 0.2845771610736847
1577.7307484149933 0.2231278270483017
1582.4241240024567 0.22911955416202545
1587.140930891037 0.27349525690078735
1591.8193562030792 0.20179559290409088
1596.5110256671906 0.20122341811656952
1601.1205351352692 0.20598876476287842
1605.7519562244415 0.23950240015983582
1610.370372056961 0.22888897359371185
1615.0237283706665 0.22028803825378418
1619.704023361206 0.19638381898403168
1624.2988147735596 0.20841394364833832
1628.9333136081696 0.21275177597999573
1633.5495464801788 0.21666225790977478
1638.1543426513672 0.1892222911119461
1642.7712094783783 0.1998445838689804
1647.3524351119995 0.19386209547519684
1651.946444272995 0.20502535998821259
1656.4914739131927 0.20903709530830383
1661.124783039093 0.1937275528907776
1690.3951003551483 0.22460514307022095
1696.8405804634094 0.18950079381465912
1701.5917193889618 0.19224704802036285
1706.314024925232 0.1922835409641266
1711.0540735721588 0.20361080765724182
1715.7946264743805 0.2058098167181015
1720.5417251586914 0.1948658525943756
1725.2958087921143 0.19253911077976227
1729.9888565540314 0.18811765313148499
1734.7122645378113 0.21544474363327026
1739.4217216968536 0.1956489086151123
1744.111426115036 0.19601209461688995
1748.856927394867 0.1949596256017685
1753.527724981308 0.21361961960792542
1758.2208738327026 0.20259690284729004
1762.8883085250854 0.1889842450618744
1767.523997783661 0.1962370127439499
1772.1717522144318 0.187313973903656
1776.8290710449219 0.18550966680049896
1781.5421195030212 0.18579871952533722
1811.2722790241241 0.18782250583171844
1817.7632658481598 0.19363301992416382
1822.581439256668 0.19092784821987152
1827.3586843013763 0.19054317474365234
1832.1898438930511 0.1853618323802948
1836.938271522522 0.1878197342157364
1841.7679426670074 0.19808198511600494
1846.5429828166962 0.19636671245098114
1851.2716114521027 0.1866576224565506
1855.9335219860077 0.19229938089847565
1860.6568171977997 0.19222159683704376
1865.4476537704468 0.20046445727348328
1870.1661660671234 0.1851223260164261
1874.8633601665497 0.1840389370918274
1879.5452806949615 0.18588091433048248
1884.2007193565369 0.18366007506847382
1888.894361257553 0.18519815802574158
1893.5849883556366 0.20498958230018616
1898.2623364925385 0.1888660341501236
1902.8840563297272 0.18476173281669617
1931.2707879543304 0.18308722972869873
1937.7682919502258 0.18317696452140808
1942.4631457328796 0.18863433599472046
1947.1958162784576 0.18791291117668152
1951.8445744514465 0.18780995905399323
1956.5291442871094 0.1892564445734024
1961.2383432388306 0.18592293560504913
1965.882764339447 0.18321575224399567
1970.474279165268 0.1884147822856903
1975.0991489887238 0.1837536096572876
1979.7811698913574 0.18662522733211517
1984.420555114746 0.18557676672935486
1989.0247230529785 0.18604326248168945
1993.7113075256348 0.19062833487987518
1998.339376449585 0.19597527384757996
2002.9179606437683 0.1868586540222168
2007.549753665924 0.19242633879184723
2012.1598596572876 0.18355368077754974
2016.7534391880035 0.17991499602794647
2021.3396060466766 0.18497270345687866
2050.744950056076 0.18332716822624207
2057.219939470291 0.18175674974918365
2062.0391716957092 0.18454355001449585
2066.8411355018616 0.18079496920108795
2071.538962841034 0.1902138888835907
2076.2244572639465 0.1876385360956192
2080.9438619613647 0.18684211373329163
2085.700212240219 0.17930848896503448
2090.384915828705 0.1795576959848404
2095.0980846881866 0.1787060797214508
2099.8049364089966 0.18015539646148682
2104.4990606307983 0.19341453909873962
2109.197007417679 0.17757658660411835
2113.8394269943237 0.18021367490291595
2118.538919210434 0.1880091279745102
2123.207154750824 0.17772994935512543
2127.813153743744 0.1775657832622528
2132.4423694610596 0.18146902322769165
2137.146850347519 0.17948292195796967
2141.8001646995544 0.17872005701065063
2168.7256665229797 0.18087247014045715
2175.149327278137 0.18030855059623718
2179.9337577819824 0.17896530032157898
2184.742922067642 0.1780860275030136
