18.449994325637817 0.125
24.872057914733887 0.125
29.59472131729126 0.1770833283662796
34.25547766685486 0.171875
38.9821343421936 0.19062499701976776
43.688337564468384 0.2057291716337204
48.35399556159973 0.2232142835855484
52.986329555511475 0.236328125
57.606048583984375 0.2430555522441864
62.270811796188354 0.25312501192092896
66.97959733009338 0.2713068127632141
71.66210794448853 0.2864583432674408
76.24511504173279 0.2992788553237915
80.85469388961792 0.3102678656578064
85.40956258773804 0.3218750059604645
90.02821731567383 0.3310546875
94.60939979553223 0.34007352590560913
99.27026724815369 0.3489583432674408
103.92489385604858 0.35608553886413574
108.47994780540466 0.37109375
137.72480154037476 0.578125
144.05373978614807 0.59375
148.75570702552795 0.6041666865348816
153.46574711799622 0.58984375
158.10361409187317 0.6000000238418579
162.73031401634216 0.6223958134651184
167.36883020401 0.6495535969734192
171.97058844566345 0.65234375
176.57466983795166 0.6666666865348816
181.1515052318573 0.6781250238418579
185.7418074607849 0.6889204382896423
190.4013671875 0.7044270634651184
195.00026392936707 0.7115384340286255
199.58975791931152 0.7176339030265808
204.154438495636 0.7250000238418579
208.7072570323944 0.7353515625
213.31370306015015 0.7398896813392639
217.90629386901855 0.7421875
222.48475694656372 0.7475329041481018
227.04693460464478 0.7476562261581421
256.73773670196533 0.859375
263.2030050754547 0.875
267.87869596481323 0.8489583134651184
272.5683798789978 0.82421875
277.20635294914246 0.8218749761581421
281.8346724510193 0.8177083134651184
286.4686119556427 0.8191964030265808
291.1117944717407 0.814453125
295.7880253791809 0.8246527910232544
300.41845202445984 0.8203125
305.09597277641296 0.8153409361839294
309.7188971042633 0.8151041865348816
314.3684387207031 0.8197115659713745
318.96713757514954 0.8236607313156128
323.57510209083557 0.8239583373069763
328.204870223999 0.826171875
332.8281235694885 0.829963207244873
337.46704721450806 0.8315972089767456
342.09052324295044 0.8314144611358643
346.66349506378174 0.8335937261581421
376.524715423584 0.84375
383.0016598701477 0.8203125
387.6217186450958 0.84375
392.3583314418793 0.8515625
397.0452198982239 0.840624988079071
401.78071117401123 0.8463541865348816
406.47043538093567 0.8459821343421936
411.1438751220703 0.84765625
415.77467608451843 0.8472222089767456
420.3937723636627 0.8515625
425.04387617111206 0.8508522510528564
429.6781780719757 0.8489583134651184
434.32548356056213 0.8521634340286255
438.9233784675598 0.8515625
443.54188346862793 0.8583333492279053
448.15709710121155 0.861328125
452.73180651664734 0.861213207244873
457.2960741519928 0.8663194179534912
461.95170402526855 0.8700658082962036
466.5166451931 0.866406261920929
496.44208002090454 0.9375
503.06278371810913 0.8984375
507.74711751937866 0.90625
512.4283072948456 0.875
517.15585064888 0.8843749761581421
521.8856105804443 0.8958333134651184
526.5344436168671 0.890625
531.1848168373108 0.88671875
535.8533184528351 0.8854166865348816
540.4934940338135 0.887499988079071
545.1128098964691 0.8821022510528564
549.7527265548706 0.8841145634651184
554.3912827968597 0.8774038553237915
559.0533282756805 0.8794642686843872
563.6953842639923 0.8822916746139526
568.322135925293 0.880859375
572.929710149765 0.8869485259056091
577.52854347229 0.8888888955116272
582.1274645328522 0.8889802694320679
586.6863858699799 0.8921874761581421
615.6779327392578 0.859375
622.1050927639008 0.8984375
626.8399698734283 0.9010416865348816
631.6206538677216 0.8984375
636.3055610656738 0.893750011920929
640.9592845439911 0.8723958134651184
645.603107213974 0.875
650.2860646247864 0.880859375
654.9058263301849 0.890625
659.6594741344452 0.8921874761581421
664.364814043045 0.8934659361839294
669.0270280838013 0.8932291865348816
673.7179863452911 0.8930288553237915
678.3775701522827 0.8950892686843872
682.9730784893036 0.8927083611488342
687.5943052768707 0.8955078125
692.1900057792664 0.8961396813392639
696.8434135913849 0.8949652910232544
701.4569973945618 0.8955591917037964
706.0836963653564 0.8960937261581421
735.4178981781006 0.859375
741.7924649715424 0.875
746.4756669998169 0.859375
751.1718926429749 0.87109375
755.7728674411774 0.887499988079071
760.5075573921204 0.890625
765.1160850524902 0.890625
769.7900633811951 0.896484375
774.4744563102722 0.8940972089767456
779.101761341095 0.8999999761581421
783.7000188827515 0.9019886255264282
788.3389737606049 0.9049479365348816
793.0314259529114 0.9050480723381042
797.6363041400909 0.90625
802.3166613578796 0.9052083492279053
806.957859992981 0.904296875
811.5942187309265 0.904411792755127
816.1767175197601 0.9053819179534912
820.7898354530334 0.9046052694320679
825.3733470439911 0.905468761920929
854.8054301738739 0.921875
861.2449767589569 0.9375
866.032289981842 0.9114583134651184
870.8428475856781 0.921875
875.5822646617889 0.918749988079071
880.2677190303802 0.9114583134651184
885.0040299892426 0.9129464030265808
889.637864112854 0.91015625
894.2627103328705 0.9114583134651184
898.8922033309937 0.910937488079071
903.4864473342896 0.9076704382896423
908.1137509346008 0.90625
912.7606613636017 0.9098557829856873
917.3990256786346 0.9118303656578064
922.0435223579407 0.9145833253860474
926.6558880805969 0.91796875
931.2392387390137 0.9191176295280457
935.8151531219482 0.9210069179534912
940.3860981464386 0.9177631735801697
945.0397047996521 0.91796875
973.5323586463928 0.921875
980.0183570384979 0.8984375
984.8151679039001 0.9010416865348816
989.6291837692261 0.90234375
994.4279556274414 0.8968750238418579
999.165271282196 0.9036458134651184
1003.9310834407806 0.9129464030265808
1008.7234978675842 0.916015625
1013.5042378902435 0.9166666865348816
1018.272789478302 0.9125000238418579
1022.9800357818604 0.9105113744735718
1027.6972396373749 0.9114583134651184
1032.3331773281097 0.9026442170143127
1037.0540602207184 0.9040178656578064
1041.7442967891693 0.90625
1046.462563753128 0.9052734375
1051.1050045490265 0.90625
1055.7843244075775 0.9071180820465088
1060.4677073955536 0.9095394611358643
1065.169971704483 0.91015625
1094.533173084259 0.875
1101.050540447235 0.8984375
1105.7568254470825 0.9166666865348816
1110.5306355953217 0.92578125
1115.2435791492462 0.9281250238418579
1119.926679611206 0.9322916865348816
1124.6542973518372 0.9375
1129.3556966781616 0.939453125
1134.08469748497 0.9427083134651184
1138.8251080513 0.9468749761581421
1143.504942893982 0.9502840638160706
1148.2112758159637 0.9518229365348816
1152.8759331703186 0.9519230723381042
1157.5788910388947 0.9542410969734192
1162.2281284332275 0.956250011920929
1166.9614918231964 0.9560546875
1171.6255044937134 0.9568014740943909
1176.2913181781769 0.9583333134651184
1180.9576907157898 0.9605262875556946
1185.5708448886871 0.961718738079071
1214.6905715465546 0.96875
1221.0198667049408 0.96875
1225.708689212799 0.9791666865348816
1230.3820896148682 0.984375
1235.0481219291687 0.984375
1239.696081161499 0.9869791865348816
1244.3130407333374 0.9821428656578064
1248.9904890060425 0.98046875
1253.665676832199 0.9809027910232544
1258.2525382041931 0.981249988079071
1262.92307472229 0.9829545617103577
1267.5321304798126 0.984375
1272.1930615901947 0.9855769276618958
1276.8420524597168 0.984375
1281.531257390976 0.9833333492279053
1286.159847021103 0.984375
1290.7986769676208 0.9852941036224365
1295.430920124054 0.9852430820465088
1300.1005840301514 0.9860197305679321
1304.7290925979614 0.9859374761581421
1333.7180938720703 0.984375
1339.980429649353 0.9921875
1344.7335224151611 0.9895833134651184
1349.4000880718231 0.98828125
1354.0847554206848 0.9906250238418579
1358.7830290794373 0.9895833134651184
1363.4520931243896 0.9910714030265808
1368.1301617622375 0.986328125
1372.806509256363 0.9878472089767456
1377.426644563675 0.9859374761581421
1382.034568309784 0.9872159361839294
1386.7096028327942 0.9856770634651184
1391.3999602794647 0.9855769276618958
1396.0215175151825 0.9866071343421936
1400.65634059906 0.987500011920929
1405.2908973693848 0.98828125
1409.911099910736 0.9871323704719543
1414.5371415615082 0.9878472089767456
1419.1002542972565 0.9876644611358643
1423.6865391731262 0.98828125
1452.701399564743 1.0
1459.0845983028412 0.9921875
1463.8032507896423 0.9895833134651184
1468.4997174739838 0.98828125
1473.2283263206482 0.987500011920929
1477.9427258968353 0.9869791865348816
1482.630121231079 0.984375
1487.2632060050964 0.986328125
1491.8926248550415 0.9878472089767456
1496.512680053711 0.987500011920929
1501.1241402626038 0.9872159361839294
1505.8090906143188 0.98828125
1510.442061662674 0.989182710647583
1515.0130133628845 0.9899553656578064
1519.6325767040253 0.9906250238418579
1524.2330420017242 0.990234375
1528.8229155540466 0.9898896813392639
1533.46311211586 0.9895833134651184
1538.1031684875488 0.9901315569877625
1542.7055702209473 0.9906250238418579
1571.382291316986 0.96875
1577.7307484149933 0.9765625
1582.4241240024567 0.984375
1587.140930891037 0.98046875
1591.8193562030792 0.984375
1596.5110256671906 0.9869791865348816
1601.1205351352692 0.9888392686843872
1605.7519562244415 0.98828125
1610.370372056961 0.9878472089767456
1615.0237283706665 0.987500011920929
1619.704023361206 0.9886363744735718
1624.2988147735596 0.98828125
1628.9333136081696 0.989182710647583
1633.5495464801788 0.9888392686843872
1638.1543426513672 0.9895833134651184
1642.7712094783783 0.990234375
1647.3524351119995 0.9908088445663452
1651.946444272995 0.9904513955116272
1656.4914739131927 0.9909539222717285
1661.124783039093 0.991406261920929
1690.3951003551483 0.984375
1696.8405804634094 0.9921875
1701.5917193889618 0.9947916865348816
1706.314024925232 0.99609375
1711.0540735721588 0.996874988079071
1715.7946264743805 0.9947916865348816
1720.5417251586914 0.9955357313156128
1725.2958087921143 0.99609375
1729.9888565540314 0.9965277910232544
1734.7122645378113 0.995312511920929
1739.4217216968536 0.9957386255264282
1744.111426115036 0.99609375
1748.856927394867 0.9963942170143127
1753.527724981308 0.9955357313156128
1758.2208738327026 0.9958333373069763
1762.8883085250854 0.99609375
1767.523997783661 0.9963235259056091
1772.1717522144318 0.9965277910232544
1776.8290710449219 0.9967105388641357
1781.5421195030212 0.996874988079071
1811.2722790241241 1.0
1817.7632658481598 1.0
1822.581439256668 1.0
1827.3586843013763 1.0
1832.1898438930511 1.0
1836.938271522522 1.0
1841.7679426670074 1.0
1846.5429828166962 1.0
1851.2716114521027 1.0
1855.9335219860077 1.0
1860.6568171977997 1.0
1865.4476537704468 1.0
1870.1661660671234 1.0
1874.8633601665497 1.0
1879.5452806949615 1.0
1884.2007193565369 1.0
1888.894361257553 1.0
1893.5849883556366 0.9991319179534912
1898.2623364925385 0.9991776347160339
1902.8840563297272 0.999218761920929
1931.2707879543304 1.0
1937.7682919502258 1.0
1942.4631457328796 1.0
1947.1958162784576 1.0
1951.8445744514465 1.0
1956.5291442871094 1.0
1961.2383432388306 1.0
1965.882764339447 1.0
1970.474279165268 1.0
1975.0991489887238 1.0
1979.7811698913574 1.0
1984.420555114746 1.0
1989.0247230529785 1.0
1993.7113075256348 1.0
1998.339376449585 1.0
2002.9179606437683 1.0
2007.549753665924 1.0
2012.1598596572876 1.0
2016.7534391880035 1.0
2021.3396060466766 1.0
2050.744950056076 1.0
2057.219939470291 1.0
2062.0391716957092 1.0
2066.8411355018616 1.0
2071.538962841034 1.0
2076.2244572639465 1.0
2080.9438619613647 1.0
2085.700212240219 1.0
2090.384915828705 1.0
2095.0980846881866 1.0
2099.8049364089966 1.0
2104.4990606307983 1.0
2109.197007417679 1.0
2113.8394269943237 1.0
2118.538919210434 1.0
2123.207154750824 1.0
2127.813153743744 1.0
2132.4423694610596 1.0
2137.146850347519 1.0
2141.8001646995544 1.0
2168.7256665229797 1.0
2175.149327278137 1.0
2179.9337577819824 1.0
2184.742922067642 1.0
