11.493496656417847 3.940150737762451
17.923311948776245 2.1801202297210693
22.618957042694092 2.0135974884033203
27.246657848358154 2.014004707336426
31.897412300109863 1.5171808004379272
36.543293476104736 1.4174585342407227
41.155940532684326 1.3460183143615723
45.843817710876465 1.3157124519348145
50.44784617424011 1.4334427118301392
55.11176347732544 1.304697036743164
59.74011254310608 1.2593843936920166
64.41543579101562 1.0974987745285034
68.9709541797638 1.0599926710128784
73.54578447341919 0.9848039150238037
78.22480964660645 0.8238492012023926
82.8285984992981 0.8409644365310669
87.46654677391052 1.1711117029190063
92.08421015739441 1.0165767669677734
96.66059446334839 0.7867076992988586
101.25016903877258 0.9683059453964233
130.21981716156006 0.8156323432922363
136.6445291042328 0.9895946979522705
141.41392874717712 1.0613291263580322
146.1778519153595 0.9245202541351318
150.94696235656738 0.7476920485496521
155.60227179527283 0.8179150819778442
160.32092118263245 0.6868489980697632
165.0295386314392 0.6518727540969849
169.68177580833435 0.8657433986663818
174.45338225364685 0.7614103555679321
179.08420729637146 0.8481276035308838
183.8010811805725 0.5922973155975342
188.4424262046814 0.7053093910217285
193.08841371536255 0.7540518045425415
197.82811880111694 0.4991440773010254
202.5210931301117 0.5038632154464722
207.05283999443054 0.8034952878952026
211.7787890434265 0.6814722418785095
216.4457769393921 0.5203261375427246
221.13073563575745 0.5596481561660767
250.06595158576965 0.5759890079498291
256.33958172798157 0.6205490231513977
260.9853813648224 0.7267180681228638
265.63703083992004 0.6568766832351685
270.27941823005676 0.6028567552566528
274.9743649959564 0.5655530691146851
279.63903641700745 0.4768829047679901
284.2953450679779 0.5443357229232788
288.998083114624 0.72027587890625
293.7332217693329 0.6699302196502686
298.3715355396271 0.5976251363754272
303.05853819847107 0.5832387208938599
307.7364056110382 0.5574586987495422
312.49520206451416 0.521759569644928
317.1875445842743 0.3932109773159027
321.84160137176514 0.4678230583667755
326.56584572792053 0.5389852523803711
331.20842838287354 0.5812386274337769
335.8571729660034 0.3736550211906433
340.53466272354126 0.5027599334716797
369.3091354370117 0.5601260662078857
375.6523275375366 0.594132125377655
380.37303161621094 0.5289522409439087
385.06897807121277 0.60038822889328
389.7395279407501 0.4411105513572693
394.4114758968353 0.46160024404525757
399.0703454017639 0.389143705368042
403.705322265625 0.48512279987335205
408.3495464324951 0.6219977140426636
413.0131285190582 0.5783637166023254
417.65483140945435 0.47506022453308105
422.32151913642883 0.47394558787345886
426.987113237381 0.5994725227355957
431.6901342868805 0.49160367250442505
436.35034704208374 0.4126092791557312
441.0286548137665 0.3065418004989624
445.6845257282257 0.4927963614463806
450.32875990867615 0.4554451107978821
454.9239809513092 0.357803076505661
459.57434344291687 0.49873781204223633
488.6704716682434 0.368762731552124
494.99812412261963 0.5656609535217285
499.6918888092041 0.433538556098938
504.413614988327 0.43233722448349
509.11916041374207 0.3935522139072418
513.788170337677 0.4477454423904419
518.5017228126526 0.42731529474258423
523.1351675987244 0.41782647371292114
527.7681658267975 0.42759019136428833
532.4418530464172 0.3906424045562744
537.0803983211517 0.40522998571395874
541.7545428276062 0.4065782427787781
546.4515860080719 0.41489502787590027
551.0509843826294 0.4148057699203491
555.719420671463 0.35488051176071167
560.4092931747437 0.28424978256225586
565.0172672271729 0.41862115263938904
569.6078386306763 0.5130825042724609
574.190643787384 0.33420753479003906
578.8212010860443 0.3525646924972534
607.350485086441 0.43459004163742065
614.040319442749 0.5250638127326965
618.772088766098 0.5420189499855042
623.4423100948334 0.4620934724807739
628.2034904956818 0.35123151540756226
632.9324071407318 0.39266103506088257
637.6507151126862 0.2973245680332184
642.3596770763397 0.4512898027896881
647.077513217926 0.41000157594680786
651.7352826595306 0.3654963970184326
656.3919506072998 0.4745638370513916
661.0684866905212 0.37608224153518677
665.6649444103241 0.3698841333389282
670.3424046039581 0.3762577176094055
674.9385821819305 0.28657960891723633
679.5606455802917 0.33483606576919556
684.2410724163055 0.4164699912071228
688.8970160484314 0.40463554859161377
693.5190761089325 0.29363149404525757
698.1765868663788 0.48273032903671265
727.4225132465363 0.3341790735721588
733.8628425598145 0.47601523995399475
738.5749592781067 0.5467652678489685
743.2142310142517 0.3834962844848633
747.8599429130554 0.2968265414237976
752.5027801990509 0.37879854440689087
757.0961406230927 0.35926830768585205
761.7957231998444 0.29209527373313904
766.4683594703674 0.7023122310638428
771.0934677124023 0.396065354347229
775.737313747406 0.3432435393333435
780.4042775630951 0.3583161532878876
785.0488567352295 0.36464473605155945
789.7525680065155 0.3627622127532959
794.3601405620575 0.295220285654068
798.9841251373291 0.2830175757408142
803.5887129306793 0.4451005458831787
808.1934945583344 0.4248986840248108
812.8425121307373 0.35800403356552124
817.5401890277863 0.31681734323501587
846.4252965450287 0.35826635360717773
852.8952176570892 0.5523407459259033
857.7037966251373 0.49617207050323486
862.4369921684265 0.36593154072761536
867.1509418487549 0.36998802423477173
871.8108232021332 0.46093255281448364
876.4675874710083 0.3493090569972992
881.1311142444611 0.3024755120277405
885.8182361125946 0.4382495880126953
890.424596786499 0.3983098864555359
895.0359301567078 0.4102933406829834
899.743791103363 0.3289434313774109
904.4008281230927 0.27677032351493835
909.0428266525269 0.31984633207321167
913.7648983001709 0.30730652809143066
918.4072103500366 0.3378106951713562
923.0897402763367 0.36875686049461365
927.7668604850769 0.3867536187171936
932.4367027282715 0.2695325016975403
937.1772468090057 0.2786872088909149
966.1105237007141 0.349815309047699
972.4395349025726 0.42433372139930725
977.1701135635376 0.40645158290863037
981.86998462677 0.40488773584365845
986.5733528137207 0.37128862738609314
991.3039693832397 0.2790178954601288
996.031012058258 0.3566981554031372
1000.6874034404755 0.30261966586112976
1005.3819267749786 0.39896637201309204
1010.0867099761963 0.2968299388885498
1014.7167663574219 0.39520928263664246
1019.3543736934662 0.29710710048675537
1023.9628810882568 0.3668941855430603
1028.6184866428375 0.3594439923763275
1033.3016271591187 0.2665659785270691
1037.9638471603394 0.3257021903991699
1042.62304353714 0.314525306224823
1047.2518367767334 0.3362973928451538
1051.8812186717987 0.26960238814353943
1056.5825219154358 0.33935296535491943
1085.3756830692291 0.34983110427856445
1091.8093609809875 0.4264135956764221
1096.5435445308685 0.37821507453918457
1101.3192763328552 0.3276570439338684
1106.0570199489594 0.37522536516189575
1110.7413358688354 0.42804211378097534
1115.449985742569 0.285016268491745
1120.1008298397064 0.2947859764099121
1124.794680595398 0.4147934317588806
1129.5002751350403 0.33394163846969604
1134.210149526596 0.416134774684906
1138.8675935268402 0.32795554399490356
1143.5213956832886 0.3205486834049225
1148.2186117172241 0.36428511142730713
1152.8811929225922 0.25663289427757263
1157.562528848648 0.3648989796638489
1162.2481274604797 0.3966227173805237
1166.9120864868164 0.292260080575943
1171.601732969284 0.24133427441120148
1176.3466691970825 0.3291650414466858
1205.5502622127533 0.3435046672821045
1211.8936626911163 0.4243725538253784
1216.6285104751587 0.3488840162754059
1221.356111049652 0.3759387135505676
1226.183093070984 0.28892865777015686
1230.8068945407867 0.4315251111984253
1235.4659912586212 0.3240801692008972
1240.134997844696 0.35544413328170776
1244.7811205387115 0.41433802247047424
1249.4315967559814 0.34745216369628906
1254.0553691387177 0.4242263436317444
1258.728571653366 0.3583839535713196
1263.398410320282 0.27490973472595215
1268.039559841156 0.259461909532547
1272.6532657146454 0.2664724290370941
1277.362681388855 0.42254355549812317
1281.9752004146576 0.3119039237499237
1286.5865941047668 0.2843805253505707
1291.2432641983032 0.3126832842826843
1295.960012435913 0.3315057158470154
1324.336128950119 0.28575846552848816
1330.7372789382935 0.37221866846084595
1335.416375875473 0.27788931131362915
1340.1171793937683 0.4108079671859741
1344.8024671077728 0.42994093894958496
1349.4842257499695 0.47572028636932373
1354.2025082111359 0.24624398350715637
1358.8553569316864 0.33586353063583374
1363.5632932186127 0.40941447019577026
1368.226001739502 0.3397037088871002
1372.8984811306 0.44153618812561035
1377.5315163135529 0.30940306186676025
1382.2371163368225 0.31595364212989807
1386.8846635818481 0.4113200306892395
1391.5529022216797 0.2434169501066208
1396.2129883766174 0.3229174315929413
1400.8604304790497 0.3217836022377014
1405.6167569160461 0.3791206479072571
1410.2415888309479 0.3276786804199219
1414.914943933487 0.300736665725708
1444.486361503601 0.31002819538116455
1450.8343994617462 0.29168182611465454
1455.6206159591675 0.36610013246536255
1460.403290271759 0.3189674913883209
1465.1330811977386 0.2847539186477661
1469.8667206764221 0.36890244483947754
1474.5443902015686 0.327170193195343
1479.1580629348755 0.32229137420654297
1483.7731561660767 0.2905474603176117
1488.4587695598602 0.2636938989162445
1493.109914779663 0.3729683458805084
1497.7853512763977 0.3273046612739563
1502.4108624458313 0.273935467004776
1507.040812253952 0.34398961067199707
1511.7042210102081 0.2541978359222412
1516.3553440570831 0.28900882601737976
1521.0157091617584 0.32018494606018066
1525.7028222084045 0.3486109972000122
1530.4178845882416 0.25444385409355164
1535.0898940563202 0.4430825710296631
1563.891536474228 0.270286500453949
1570.2527782917023 0.3199710547924042
1574.9727230072021 0.5039905905723572
1579.7612571716309 0.27649757266044617
1584.4665377140045 0.3004136085510254
1589.1336748600006 0.33789563179016113
1593.7999098300934 0.2953949570655823
1598.501472711563 0.2782760262489319
1603.2409663200378 0.45384055376052856
1607.908664226532 0.35285016894340515
1612.6253623962402 0.3267943859100342
1617.237687587738 0.2833070456981659
1621.8454217910767 0.2962917685508728
1626.437267780304 0.31877145171165466
1631.0661780834198 0.26611822843551636
1635.7126343250275 0.2417803257703781
1640.4002270698547 0.2900853157043457
1645.0907807350159 0.33964285254478455
1649.7519443035126 0.27870139479637146
1654.4199395179749 0.3069264888763428
1683.1851007938385 0.4432030916213989
1689.5592248439789 0.3210519254207611
1694.2918090820312 0.2848183214664459
1698.971158027649 0.2665267884731293
1703.5999040603638 0.3034152388572693
1708.3159835338593 0.30505719780921936
1713.037832736969 0.2805890738964081
1717.6667346954346 0.2870461642742157
1722.296774148941 0.3049478828907013
1726.947058916092 0.36058104038238525
1731.5770523548126 0.36113929748535156
1736.25528550148 0.2928643226623535
1740.8964638710022 0.38374975323677063
1745.5990660190582 0.3175588846206665
1750.2497382164001 0.2492952048778534
1754.9434385299683 0.26643937826156616
1759.6167256832123 0.34707435965538025
1764.25155210495 0.2741522789001465
1768.897288799286 0.24699744582176208
1773.6164836883545 0.30956995487213135
1802.5725877285004 0.2799574136734009
1808.9780521392822 0.33173617720603943
1813.7324793338776 0.3817562162876129
1818.461791753769 0.3017587959766388
1823.197333574295 0.24378295242786407
1827.8759157657623 0.3386497497558594
1832.5625474452972 0.32673799991607666
1837.270892381668 0.23859529197216034
1841.9520137310028 0.31155943870544434
1846.6202728748322 0.29115167260169983
1851.2734384536743 0.3256880044937134
1855.9485836029053 0.2828034460544586
1860.5749735832214 0.3338983356952667
1865.2484090328217 0.34978312253952026
1869.8296360969543 0.2748187780380249
1874.4610838890076 0.27802854776382446
1879.1452240943909 0.36153873801231384
1883.7632069587708 0.27095499634742737
1888.4176654815674 0.24541766941547394
1893.0819318294525 0.30171650648117065
1921.2885520458221 0.3230062425136566
1927.6181480884552 0.41370800137519836
1932.336725950241 0.36959943175315857
1936.9815814495087 0.27700650691986084
1941.6904282569885 0.2303580641746521
1946.3728427886963 0.24682705104351044
1951.0882008075714 0.3259742558002472
1955.7169766426086 0.32784879207611084
1960.3674626350403 0.3029250204563141
1964.9818148612976 0.3005627989768982
1969.5693140029907 0.29935187101364136
1974.2266445159912 0.3195022940635681
1978.8930122852325 0.26035836338996887
1983.4474444389343 0.3097262680530548
1988.1461775302887 0.29590052366256714
1992.7185943126678 0.3358635902404785
1997.392513513565 0.37493664026260376
2002.0173771381378 0.4020261764526367
2006.672619819641 0.28823035955429077
2011.3337154388428 0.28687775135040283
2040.700944185257 0.25061270594596863
2047.0454213619232 0.4316299259662628
2051.76385641098 0.3127043843269348
2056.475078344345 0.2941943407058716
2061.19970369339 0.33202189207077026
2065.9414644241333 0.35261070728302
2070.621354818344 0.30680614709854126
2075.363703727722 0.2535174787044525
2080.036031484604 0.31749194860458374
2084.792531967163 0.3262975513935089
2089.474366426468 0.27358385920524597
2094.202760696411 0.2991187572479248
2098.84521150589 0.24964234232902527
2103.511741399765 0.31589174270629883
2108.2002408504486 0.30818215012550354
2112.9157729148865 0.34515297412872314
2117.5181453227997 0.28273510932922363
2122.191450357437 0.4386022686958313
2126.8481636047363 0.28551429510116577
2131.631210565567 0.265889048576355
2160.7247352600098 0.382077157497406
2166.9658002853394 0.4012566804885864
2171.6123406887054 0.4378507137298584
2176.232973575592 0.3024745285511017
2180.8398909568787 0.33944910764694214
2185.4358620643616 0.27867311239242554
2190.128851890564 0.2776210606098175
2194.7249450683594 0.3136674165725708
2199.3485429286957 0.3928596079349518
2203.943836927414 0.32405978441238403
2208.572312116623 0.28386858105659485
2213.176834821701 0.24298393726348877
2217.8023381233215 0.26559358835220337
2222.3839542865753 0.32104402780532837
2227.0112245082855 0.30774012207984924
2231.618447303772 0.2553930878639221
2236.194808244705 0.4030948877334595
2240.8380675315857 0.2507670223712921
2245.3962864875793 0.25964462757110596
2250.025099992752 0.3460221588611603
2279.2992691993713 0.37138688564300537
2285.6646044254303 0.2795628011226654
2290.3999257087708 0.3905476927757263
2295.1332206726074 0.42239105701446533
2299.7386701107025 0.31158649921417236
2304.3398241996765 0.2806469798088074
2309.0070242881775 0.3335556089878082
2313.6389651298523 0.24120165407657623
2318.2458000183105 0.3455093204975128
2322.8886885643005 0.2569577991962433
2327.4985558986664 0.3385087847709656
2332.0954818725586 0.26868221163749695
2336.644092321396 0.3283979892730713
2341.260829925537 0.35303953289985657
2345.9400713443756 0.225352942943573
2350.5895340442657 0.2955457270145416
2355.213122367859 0.2831696569919586
2359.848951101303 0.3352610766887665
2364.4729566574097 0.2752169668674469
2369.1941809654236 0.2534116506576538
2398.876366376877 0.2388288378715515
2405.2341828346252 0.2825312614440918
2409.9842779636383 0.3960114121437073
2414.7714676856995 0.3047041893005371
2419.531376838684 0.2926188111305237
2424.300877094269 0.34386318922042847
2429.0461831092834 0.27420687675476074
2433.756872653961 0.2975304126739502
2438.452974319458 0.3439773917198181
2443.184313774109 0.2826727628707886
2447.8750138282776 0.30490928888320923
2452.589509010315 0.3302326500415802
2457.3264861106873 0.4627079963684082
2462.027936697006 0.28607237339019775
2466.7501475811005 0.2539095878601074
2471.441461086273 0.2725762724876404
2476.1501836776733 0.3571426272392273
2480.869427204132 0.333018958568573
2485.5751740932465 0.32872727513313293
2490.2947747707367 0.33125776052474976
2519.391115427017 0.2440463900566101
2525.7811195850372 0.30320602655410767
2530.4775211811066 0.3428713083267212
2535.2388954162598 0.25925299525260925
2540.0293238162994 0.2755310833454132
2544.744082212448 0.3283403515815735
2549.383423089981 0.26497265696525574
2554.0176479816437 0.24844634532928467
2558.712460756302 0.27358031272888184
2563.38458776474 0.2649310231208801
2568.059496641159 0.2515569031238556
2572.7739808559418 0.2554345726966858
2577.420210123062 0.34817788004875183
2582.101958990097 0.31164228916168213
2586.793677330017 0.23142072558403015
2591.442309617996 0.37079107761383057
2596.1427693367004 0.2624404728412628
2600.80287361145 0.31753861904144287
2605.4613304138184 0.23462316393852234
2610.1039130687714 0.4140215516090393
2638.5469312667847 0.3337756097316742
2644.9163739681244 0.2828971743583679
2649.724580526352 0.3655996322631836
2654.4038820266724 0.3034100830554962
2659.0982134342194 0.28381258249282837
2663.8329632282257 0.30909502506256104
2668.5834691524506 0.2502478361129761
2673.3394725322723 0.28829485177993774
2678.0385875701904 0.3089227080345154
2682.7863981723785 0.25940269231796265
2687.488874912262 0.35801124572753906
2692.178874731064 0.24662940204143524
2696.8742158412933 0.323974072933197
2701.560971021652 0.2528638541698456
2706.3068997859955 0.2647600769996643
2710.9062390327454 0.3046679198741913
2715.5863428115845 0.39353716373443604
2720.3085289001465 0.37113022804260254
2724.916481256485 0.26015350222587585
2729.6305301189423 0.2873281240463257
2759.262862920761 0.2907010316848755
2765.633327960968 0.35055065155029297
2770.354756593704 0.270439475774765
2775.073402404785 0.3308253586292267
2779.818073272705 0.2807653248310089
2784.4990525245667 0.3028697669506073
2789.196120738983 0.33799993991851807
2793.958158016205 0.2853055000305176
2798.6050338745117 0.3264261484146118
2803.311396598816 0.341463565826416
2807.92569899559 0.2436497062444687
2812.5943360328674 0.26962512731552124
2817.2226223945618 0.33486950397491455
2821.895985364914 0.2809276580810547
2826.550415277481 0.40513381361961365
2831.216505765915 0.3364354372024536
2835.806948661804 0.37054407596588135
2840.4426963329315 0.36828768253326416
2845.047989845276 0.2496166229248047
2849.74756526947 0.2730916142463684
2879.140072822571 0.2696278393268585
2885.5953409671783 0.37895238399505615
2890.385073661804 0.37649521231651306
2895.128730773926 0.24929791688919067
2899.874503135681 0.2876725494861603
2904.6704103946686 0.2643358111381531
2909.3265891075134 0.2890926003456116
2913.9251761436462 0.3026943802833557
2918.56809425354 0.2986580729484558
2923.2344269752502 0.2749078869819641
2927.8626873493195 0.3275960683822632
2932.504734277725 0.3257007896900177
2937.086127281189 0.3364187479019165
2941.7173352241516 0.31751078367233276
2946.361233472824 0.2911489009857178
2950.995721101761 0.3116931915283203
2955.657015800476 0.444521427154541
2960.3538262844086 0.2673976421356201
2965.039618253708 0.2586992084980011
2969.6942324638367 0.2836833894252777
2998.4033060073853 0.40401801466941833
3004.752626657486 0.2698751389980316
3009.494204521179 0.3437480330467224
3014.154012441635 0.3546869158744812
3018.8730370998383 0.2645378112792969
3023.556271791458 0.3347022533416748
3028.2184886932373 0.23052768409252167
3032.867908716202 0.2701582908630371
3037.5560035705566 0.26925456523895264
3042.232442855835 0.33122289180755615
3046.907696247101 0.345744252204895
3051.5440866947174 0.2415001392364502
3056.2056863307953 0.259668231010437
3060.860633611679 0.24300871789455414
3065.5703790187836 0.22656136751174927
3070.200328350067 0.26395153999328613
3074.887617826462 0.2400663197040558
3079.5498542785645 0.32104963064193726
3084.2010695934296 0.24616333842277527
3088.951937675476 0.24021393060684204
3117.7158772945404 0.2843850255012512
3124.112277507782 0.23903636634349823
3128.8637778759003 0.2659647464752197
3133.7071511745453 0.33186671137809753
3138.5067298412323 0.25036486983299255
3143.241806745529 0.32581111788749695
3147.9811687469482 0.2839958369731903
3152.6983683109283 0.2419533133506775
3157.4466755390167 0.2647220492362976
3162.1453351974487 0.29746848344802856
3166.908282518387 0.24101364612579346
3171.563538789749 0.2636879086494446
3176.1719760894775 0.2682936489582062
3180.8043072223663 0.2452823519706726
3185.506418466568 0.233226016163826
3190.1527938842773 0.32984888553619385
3194.842823266983 0.2819950580596924
3199.4918084144592 0.4281825125217438
3204.1870651245117 0.27987590432167053
3208.839426755905 0.29404881596565247
3238.18709397316 0.3143827021121979
3244.541985273361 0.37348005175590515
3249.232013940811 0.32685205340385437
3253.9294261932373 0.29877063632011414
3258.5982389450073 0.2834923267364502
3263.3260476589203 0.26826509833335876
3267.9882493019104 0.26583483815193176
3272.6563086509705 0.2586241662502289
3277.283483982086 0.36485323309898376
3281.9917685985565 0.24019642174243927
3286.642666578293 0.2691347897052765
3291.2674601078033 0.37095385789871216
3295.880368947983 0.2602335214614868
3300.514547109604 0.25933942198753357
3305.247476577759 0.26678258180618286
3309.9509806632996 0.2708654999732971
3314.622356891632 0.28870299458503723
3319.2433331012726 0.2940638065338135
3323.9109914302826 0.2574179470539093
3328.5815267562866 0.22660230100154877
3357.627823114395 0.2514258325099945
3363.9744317531586 0.33377665281295776
3368.6773669719696 0.26026567816734314
3373.4175174236298 0.3953027129173279
3378.130229473114 0.2772785723209381
3382.767945766449 0.23391176760196686
3387.495750427246 0.32461297512054443
3392.162303686142 0.2803143262863159
3396.857774734497 0.23625420033931732
3401.47101187706 0.27854272723197937
3406.1384201049805 0.2734821140766144
3410.8387076854706 0.2529427409172058
3415.452939271927 0.2548551559448242
3420.0453078746796 0.3798859715461731
3424.7035624980927 0.2849196195602417
3429.3664095401764 0.26724952459335327
3434.0421538352966 0.2731820344924927
3438.7234587669373 0.3520768880844116
3443.3423442840576 0.22707754373550415
3447.9744486808777 0.27285486459732056
3477.6144168376923 0.28226983547210693
3484.1184542179108 0.36827510595321655
3488.9507076740265 0.38915932178497314
3493.643178462982 0.333670973777771
3498.3334057331085 0.2966272234916687
3503.0078332424164 0.3181908130645752
3507.659328222275 0.2303372025489807
3512.2245438098907 0.25396203994750977
3516.8562276363373 0.26285356283187866
3521.4767215251923 0.28200671076774597
3526.1204748153687 0.23818664252758026
3530.747423171997 0.3091663122177124
3535.352048397064 0.2365303486585617
3539.9840643405914 0.24956755340099335
3544.625079393387 0.2662525475025177
3549.27232170105 0.25255635380744934
3553.89981341362 0.3906588554382324
3558.515120983124 0.29341429471969604
3563.1845560073853 0.248365119099617
3567.848803758621 0.22668832540512085
