11.359574556350708 0.09375
17.796961784362793 0.265625
22.60429334640503 0.2916666567325592
27.47358012199402 0.359375
32.40606999397278 0.40625
37.224037170410156 0.4453125
42.109938859939575 0.4866071343421936
47.01148843765259 0.513671875
51.887792348861694 0.5208333134651184
56.73713040351868 0.542187511920929
61.519352436065674 0.5568181872367859
66.37578344345093 0.5794270634651184
71.21719408035278 0.59375
76.04011392593384 0.6026785969734192
80.90466046333313 0.609375
85.72712659835815 0.62109375
90.55633425712585 0.6277573704719543
95.36407613754272 0.6388888955116272
100.14212203025818 0.6472039222717285
104.98215079307556 0.6539062261581421
133.29944825172424 0.90625
139.82452034950256 0.8515625
144.7754898071289 0.8333333134651184
149.71838521957397 0.83984375
154.70122838020325 0.840624988079071
159.60141372680664 0.84375
164.51355624198914 0.84375
169.30147123336792 0.8515625
174.24535417556763 0.8385416865348816
179.13696455955505 0.8374999761581421
184.02626371383667 0.8409090638160706
188.94050669670105 0.84765625
193.86247968673706 0.8533653616905212
198.7951135635376 0.8526785969734192
203.7454137802124 0.856249988079071
208.58953189849854 0.8564453125
213.5251874923706 0.8566176295280457
218.40481424331665 0.8567708134651184
223.26561951637268 0.8577302694320679
228.15106916427612 0.859375
256.88439536094666 0.90625
263.4214358329773 0.8828125
268.25670170783997 0.875
273.163428068161 0.8671875
278.047949552536 0.8812500238418579
282.83707308769226 0.8854166865348816
287.6897428035736 0.8950892686843872
292.5440354347229 0.89453125
297.3797686100006 0.8975694179534912
302.11839723587036 0.901562511920929
306.94762325286865 0.8977272510528564
311.71991634368896 0.8997395634651184
316.50453996658325 0.8990384340286255
321.3052797317505 0.8950892686843872
326.14079427719116 0.9010416865348816
330.90442752838135 0.9033203125
335.6793212890625 0.9007353186607361
340.4466669559479 0.8984375
345.2149591445923 0.9021381735801697
349.9915654659271 0.9039062261581421
378.5714235305786 0.859375
385.04742312431335 0.890625
389.892573595047 0.8802083134651184
394.73465037345886 0.89453125
399.5994827747345 0.903124988079071
404.4654688835144 0.9088541865348816
409.34717655181885 0.9151785969734192
414.13021636009216 0.923828125
418.935706615448 0.921875
423.74480414390564 0.925000011920929
428.55638813972473 0.9247159361839294
433.3708333969116 0.9270833134651184
438.1986463069916 0.926682710647583
443.0004324913025 0.9241071343421936
447.7825906276703 0.9270833134651184
452.58917140960693 0.9287109375
457.3899636268616 0.9273896813392639
462.2044789791107 0.9262152910232544
466.9823775291443 0.9268091917037964
471.81146264076233 0.926562488079071
500.5673186779022 0.921875
507.0991425514221 0.8984375
511.9643476009369 0.90625
516.8739538192749 0.921875
521.7679555416107 0.925000011920929
526.6541678905487 0.9244791865348816
531.5451979637146 0.9174107313156128
536.4735858440399 0.9140625
541.3714575767517 0.9149305820465088
546.2347638607025 0.9156249761581421
551.0773484706879 0.9119318127632141
555.9751062393188 0.9166666865348816
560.817446231842 0.9182692170143127
565.6350772380829 0.9196428656578064
570.5080509185791 0.921875
575.3752875328064 0.921875
580.2596352100372 0.923713207244873
585.1096568107605 0.9253472089767456
589.8724474906921 0.9259868264198303
594.7953159809113 0.9273437261581421
622.8851099014282 0.9375
629.4266302585602 0.9375
634.3112275600433 0.9375
639.125363111496 0.9453125
643.954127073288 0.940625011920929
648.89896941185 0.9375
653.6807565689087 0.9397321343421936
658.4946343898773 0.94140625
663.3521234989166 0.9409722089767456
668.144082069397 0.9359375238418579
672.948187828064 0.9375
677.7847487926483 0.9401041865348816
682.5851669311523 0.9411057829856873
687.3802351951599 0.9419642686843872
692.1127650737762 0.9458333253860474
696.894558429718 0.9482421875
701.6838400363922 0.9448529481887817
706.4671003818512 0.9461805820465088
711.2413127422333 0.9473684430122375
716.0110867023468 0.94921875
745.5333783626556 0.9375
752.1723942756653 0.9609375
757.1118421554565 0.9635416865348816
762.0093970298767 0.96484375
766.9231743812561 0.9624999761581421
771.7825307846069 0.9583333134651184
776.6539578437805 0.9553571343421936
781.4896554946899 0.95703125
786.3223526477814 0.9548611044883728
791.1728916168213 0.953125
796.0637311935425 0.9545454382896423
800.9046700000763 0.9544270634651184
805.7898716926575 0.957932710647583
810.5962202548981 0.9598214030265808
815.5622706413269 0.9604166746139526
820.3789143562317 0.958984375
825.1943225860596 0.9604779481887817
830.0310442447662 0.9600694179534912
834.9530506134033 0.9605262875556946
839.8030831813812 0.957812488079071
868.4933285713196 0.9375
875.0014851093292 0.953125
879.7946650981903 0.9427083134651184
884.6674637794495 0.9453125
889.4873600006104 0.949999988079071
894.3775596618652 0.953125
899.2499780654907 0.9575892686843872
904.0540266036987 0.953125
908.8740682601929 0.9513888955116272
913.6701729297638 0.9515625238418579
918.4526629447937 0.9545454382896423
923.2027261257172 0.95703125
928.0661087036133 0.9555288553237915
932.890346288681 0.9553571343421936
937.6887037754059 0.9541666507720947
942.5060498714447 0.955078125
947.3432562351227 0.954963207244873
952.149049282074 0.9522569179534912
956.96861743927 0.9539473652839661
961.7598540782928 0.9546874761581421
990.2260873317719 0.953125
996.876980304718 0.9296875
1001.7698590755463 0.9375
1006.6922118663788 0.94921875
1011.5967650413513 0.949999988079071
1016.5321695804596 0.9453125
1021.4203848838806 0.9464285969734192
1026.3718569278717 0.9453125
1031.2242000102997 0.9427083134651184
1036.1888806819916 0.9453125
1041.0768783092499 0.9417613744735718
1045.9882140159607 0.9453125
1050.8802592754364 0.9471153616905212
1055.7917547225952 0.9475446343421936
1060.7641820907593 0.949999988079071
1065.612586736679 0.951171875
1070.4632709026337 0.951286792755127
1075.3626742362976 0.9539930820465088
1080.1759996414185 0.953125
1085.1006619930267 0.9554687738418579
1114.2067697048187 0.96875
1120.7518782615662 0.9453125
1125.6006710529327 0.9375
1130.4407095909119 0.9453125
1135.2603623867035 0.9437500238418579
1140.1457436084747 0.9505208134651184
1145.0057139396667 0.9486607313156128
1149.890088558197 0.951171875
1154.7769119739532 0.9548611044883728
1159.5890324115753 0.957812488079071
1164.4996192455292 0.9588068127632141
1169.423487663269 0.9622395634651184
1174.305407524109 0.9651442170143127
1179.13179063797 0.9631696343421936
1183.9882454872131 0.965624988079071
1188.866495847702 0.96484375
1193.7321815490723 0.9623161554336548
1198.5969529151917 0.9618055820465088
1203.500155210495 0.9629934430122375
1208.4353306293488 0.9624999761581421
1237.5692963600159 0.953125
1244.1477937698364 0.953125
1248.9992291927338 0.9479166865348816
1253.749474287033 0.9453125
1258.4973273277283 0.953125
1263.2929511070251 0.9583333134651184
1268.0702617168427 0.9620535969734192
1272.8514459133148 0.96484375
1277.6192841529846 0.9670138955116272
1282.4190366268158 0.9671875238418579
1287.2478783130646 0.9673295617103577
1292.0196595191956 0.9700520634651184
1296.803347826004 0.9711538553237915
1301.5727088451385 0.9709821343421936
1306.3658032417297 0.9708333611488342
1311.1835596561432 0.9677734375
1315.976977109909 0.96875
1320.736086845398 0.96875
1325.4544715881348 0.9703947305679321
1330.2240734100342 0.9703124761581421
1358.7469291687012 0.96875
1365.321447134018 0.953125
1370.2328283786774 0.9583333134651184
1375.10023188591 0.96484375
1379.9572989940643 0.9624999761581421
1384.761389017105 0.9635416865348816
1389.6028509140015 0.9642857313156128
1394.5019323825836 0.966796875
1399.3835520744324 0.9635416865348816
1404.301674604416 0.965624988079071
1409.1600217819214 0.9673295617103577
1414.048067331314 0.9674479365348816
1418.9337227344513 0.9663461446762085
1423.784741640091 0.9665178656578064
1428.6159670352936 0.9677083492279053
1433.4189081192017 0.962890625
1438.357993364334 0.9641544222831726
1443.2170813083649 0.9635416865348816
1448.0326766967773 0.9654605388641357
1452.983746767044 0.96484375
1482.346926689148 0.984375
1488.806134223938 0.9609375
1493.678596496582 0.9479166865348816
1498.5208251476288 0.9453125
1503.3668155670166 0.953125
1508.1779980659485 0.953125
1512.9647629261017 0.953125
1517.8328926563263 0.955078125
1522.6418302059174 0.9479166865348816
1527.4713530540466 0.949999988079071
1532.2510650157928 0.9502840638160706
1537.051201581955 0.9518229365348816
1541.8437626361847 0.9543269276618958
1546.679586648941 0.953125
1551.4672529697418 0.9552083611488342
1556.2466044425964 0.9580078125
1561.0429327487946 0.9568014740943909
1565.884925365448 0.9565972089767456
1570.6656742095947 0.9588815569877625
1575.483327627182 0.960156261920929
1604.3675816059113 0.921875
1610.8832533359528 0.953125
1615.7627420425415 0.9479166865348816
1620.627029657364 0.953125
1625.5332777500153 0.949999988079071
1630.4813888072968 0.9583333134651184
1635.365413427353 0.9642857313156128
1640.254126548767 0.96875
1645.1862416267395 0.9652777910232544
1649.9990181922913 0.965624988079071
1654.8960921764374 0.9659090638160706
1659.7321741580963 0.96875
1664.6043639183044 0.9699519276618958
1669.4972324371338 0.9698660969734192
1674.4052205085754 0.971875011920929
1679.2578148841858 0.970703125
1684.145883321762 0.970588207244873
1689.0241000652313 0.9678819179534912
1693.8951086997986 0.96875
1698.7022161483765 0.969531238079071
1727.2130510807037 0.984375
1733.7265319824219 0.9765625
1738.5947587490082 0.9739583134651184
1743.4235351085663 0.97265625
1748.2575170993805 0.9750000238418579
1753.0789892673492 0.9739583134651184
1757.9793417453766 0.9754464030265808
1762.8151259422302 0.9765625
1767.6492874622345 0.9722222089767456
1772.488873720169 0.973437488079071
1777.2701852321625 0.9730113744735718
1782.0963490009308 0.97265625
1786.8689122200012 0.9723557829856873
1791.622116804123 0.9698660969734192
1796.412323474884 0.971875011920929
1801.2013037204742 0.97265625
1806.0052688121796 0.970588207244873
1810.8104038238525 0.9704861044883728
1815.6479530334473 0.9712170958518982
1820.5351967811584 0.971875011920929
1849.106921672821 0.96875
1855.6228649616241 0.9609375
1860.551126241684 0.953125
1865.4115521907806 0.953125
1870.2688620090485 0.956250011920929
1875.2088916301727 0.9609375
1880.106357574463 0.9575892686843872
1884.9787962436676 0.958984375
1889.8936018943787 0.9565972089767456
1894.768205165863 0.9609375
1899.5949323177338 0.9630681872367859
1904.4059989452362 0.9635416865348816
1909.2620589733124 0.9651442170143127
1914.0917584896088 0.9665178656578064
1918.9161791801453 0.9677083492279053
1923.737919330597 0.966796875
1928.6011543273926 0.9659926295280457
1933.500813484192 0.9652777910232544
1938.3786962032318 0.9654605388641357
1943.2247178554535 0.9664062261581421
1971.2352991104126 0.96875
1977.6839818954468 0.9453125
1982.4688334465027 0.9583333134651184
1987.3067548274994 0.94921875
1992.1831593513489 0.956250011920929
1997.0765008926392 0.9609375
2001.9028260707855 0.9642857313156128
2006.8094487190247 0.96484375
2011.6853876113892 0.9652777910232544
2016.5904748439789 0.965624988079071
2021.4223532676697 0.96875
2026.2802748680115 0.96875
2031.151520729065 0.9663461446762085
2035.9445090293884 0.9665178656578064
2040.7498621940613 0.96875
2045.5506677627563 0.970703125
2050.372223854065 0.970588207244873
2055.172895669937 0.9696180820465088
2059.9393632411957 0.9703947305679321
2064.7368013858795 0.967968761920929
2093.903391599655 0.984375
2100.40056347847 0.9609375
2105.208220243454 0.9479166865348816
2110.0592210292816 0.9453125
2114.939101457596 0.9468749761581421
2119.777089357376 0.9557291865348816
2124.5687408447266 0.9575892686843872
2129.3219792842865 0.9609375
2134.173004627228 0.9618055820465088
2138.941793680191 0.965624988079071
2143.7544565200806 0.9659090638160706
2148.56494307518 0.9674479365348816
2153.36203789711 0.96875
2158.0718417167664 0.9698660969734192
2162.7782022953033 0.971875011920929
2167.547636985779 0.97265625
2172.32954955101 0.9715073704719543
2177.025404214859 0.9696180820465088
2181.8168494701385 0.96875
2186.5823097229004 0.96875
2215.011088848114 0.9375
2221.527597427368 0.921875
2226.3646993637085 0.9322916865348816
2231.2103645801544 0.94921875
2236.170840024948 0.953125
2241.018746137619 0.953125
2245.8707456588745 0.9553571343421936
2250.6867396831512 0.958984375
2255.544801235199 0.9618055820465088
2260.357040166855 0.9593750238418579
2265.24071764946 0.9616477489471436
2270.1684861183167 0.9635416865348816
2275.012086868286 0.9627403616905212
2279.89217209816 0.9631696343421936
2284.727147102356 0.9645833373069763
2289.551610469818 0.9658203125
2294.398647546768 0.9650735259056091
2299.272551059723 0.9670138955116272
2304.127716779709 0.9679276347160339
2308.960895061493 0.96875
2337.5846831798553 0.984375
2344.1001999378204 0.9765625
2348.921837568283 0.9635416865348816
2353.769463777542 0.96875
2358.591803789139 0.971875011920929
2363.4325473308563 0.96875
2368.2814989089966 0.9665178656578064
2373.1313211917877 0.96484375
2377.974268913269 0.9635416865348816
2382.758005142212 0.9624999761581421
2387.5763959884644 0.9630681872367859
2392.4902834892273 0.96484375
2397.3625948429108 0.9663461446762085
2402.1971402168274 0.96875
2407.1090574264526 0.9697916507720947
2411.9817192554474 0.970703125
2416.828339099884 0.9724264740943909
2421.605583190918 0.9722222089767456
2426.3898978233337 0.9720394611358643
2431.2168307304382 0.973437488079071
2460.5302996635437 0.96875
2467.097690343857 0.96875
2471.959439754486 0.96875
2476.776375770569 0.97265625
2481.6066319942474 0.96875
2486.4657924175262 0.9661458134651184
2491.263871908188 0.9642857313156128
2496.107702255249 0.96875
2501.008673429489 0.9670138955116272
2505.837681055069 0.9671875238418579
2510.6365900039673 0.96875
2515.466707468033 0.9700520634651184
2520.2395601272583 0.9711538553237915
2525.0310628414154 0.9720982313156128
2529.810989379883 0.9729166626930237
2534.624758243561 0.974609375
2539.372537136078 0.9742646813392639
2544.1968715190887 0.9748263955116272
2549.0351498126984 0.9753289222717285
2553.813677072525 0.975781261920929
