13.996890783309937 4.409127712249756
20.566369771957397 3.3928160667419434
25.379602432250977 3.0838842391967773
30.17597460746765 3.0194783210754395
34.91926884651184 2.7679848670959473
39.65154409408569 2.7296907901763916
44.33226490020752 2.4287686347961426
49.0006537437439 2.0568528175354004
53.72761130332947 2.279979705810547
58.41064119338989 2.296806573867798
63.09784150123596 1.9644790887832642
67.79164028167725 2.1982192993164062
72.47994446754456 1.8507068157196045
77.13323330879211 1.8019473552703857
81.79055380821228 1.595447063446045
86.50579380989075 1.7633408308029175
91.2213978767395 2.0795557498931885
95.85607361793518 1.5617130994796753
100.53433060646057 1.5000779628753662
105.23939156532288 1.3139731884002686
129.97891664505005 1.2094556093215942
136.4299817085266 1.296403408050537
141.07973885536194 1.3630070686340332
145.75718879699707 1.3498890399932861
150.4561538696289 1.0903364419937134
155.22509956359863 1.0884649753570557
159.914076089859 1.0543749332427979
164.55334043502808 1.0664528608322144
169.28405094146729 1.337153434753418
173.94952702522278 0.8504073023796082
178.66461563110352 0.9772427082061768
183.3720269203186 0.9782839417457581
188.08562326431274 0.8765585422515869
192.77288699150085 0.9359649419784546
197.42100524902344 0.7733503580093384
202.16076040267944 0.6872936487197876
206.885400056839 1.079248309135437
211.59132528305054 0.8839612007141113
216.2983913421631 0.7057316303253174
220.94756960868835 0.8788893222808838
245.3457486629486 0.6576968431472778
251.7850742340088 0.7403731942176819
256.59031867980957 0.932742178440094
261.3852081298828 0.9219915866851807
266.1791875362396 0.6843931674957275
270.92098927497864 0.7017463445663452
275.69221687316895 0.6965734958648682
280.42729353904724 0.5563217997550964
285.1824643611908 1.0631128549575806
289.91918754577637 0.6958097815513611
294.6582489013672 0.7210819125175476
299.3896234035492 0.6432549357414246
304.10922741889954 0.6919336318969727
308.7862141132355 0.6705862879753113
313.51667499542236 0.5480424165725708
318.1640455722809 0.676987886428833
322.8318016529083 0.8191214203834534
327.5703065395355 0.8371983170509338
332.25596952438354 0.5825152397155762
336.97331166267395 0.62209153175354
361.5352370738983 0.6182857155799866
367.97086787223816 0.6975576281547546
372.7918848991394 0.6545875668525696
377.5812683105469 0.7607666254043579
382.3446686267853 0.6082879900932312
387.1795015335083 0.7573981881141663
391.93830275535583 0.737235426902771
396.7319829463959 0.5779633522033691
401.4621617794037 1.0019545555114746
406.22929644584656 0.7675702571868896
410.9330253601074 0.7157834768295288
415.63731265068054 0.6791651248931885
420.32540559768677 0.6782946586608887
425.08651900291443 0.6105854511260986
429.77415704727173 0.4424620270729065
434.54511857032776 0.5534692406654358
439.29808235168457 0.7833274602890015
443.9971148967743 0.7247748374938965
448.70799803733826 0.589714527130127
453.43760561943054 0.672553539276123
477.9982542991638 0.5156916379928589
484.48094725608826 0.599115252494812
489.4006304740906 0.7404651641845703
494.2465612888336 0.6911777257919312
499.0847222805023 0.645900309085846
503.9497072696686 0.6586878895759583
508.7460060119629 0.5448073148727417
513.605486869812 0.6506952047348022
518.3817224502563 0.8441636562347412
523.2032487392426 0.6193609237670898
527.9654591083527 0.7397894263267517
532.7886819839478 0.5273287892341614
537.5156979560852 0.4909784495830536
542.3257646560669 0.5761731266975403
547.1112957000732 0.4132331609725952
551.8519718647003 0.48845478892326355
556.6325426101685 0.7083578109741211
561.3708267211914 0.637218713760376
566.1532077789307 0.5158193707466125
570.8784601688385 0.612332284450531
594.8059363365173 0.6452680826187134
601.3383982181549 0.6436783075332642
606.2675986289978 0.6551380157470703
611.1116111278534 0.7083098292350769
615.8962407112122 0.596592903137207
620.659880399704 0.6329025030136108
625.4414072036743 0.5667086243629456
630.1634714603424 0.5491318106651306
634.9149520397186 0.6774643659591675
639.6983599662781 0.6915854215621948
644.4284970760345 0.7162864804267883
649.1869237422943 0.601486325263977
653.8480722904205 0.5871171951293945
658.5551645755768 0.5898076295852661
663.3689043521881 0.4616987109184265
668.1018903255463 0.45579084753990173
672.8275105953217 0.6730599403381348
677.5364248752594 0.6452730894088745
682.1952075958252 0.5075089931488037
686.9590046405792 0.5631143450737
711.5931644439697 0.5257463455200195
717.9852986335754 0.6486104726791382
722.7059519290924 0.6403099894523621
727.393084526062 0.6248154640197754
732.1516671180725 0.5676495432853699
736.9114899635315 0.651107668876648
741.642255783081 0.5264041423797607
746.3715252876282 0.52996826171875
751.1332783699036 0.7770068645477295
755.8087224960327 0.6418808102607727
760.4956040382385 0.6891235113143921
765.2031211853027 0.5166077613830566
769.8677814006805 0.5870857238769531
774.5331180095673 0.5781873464584351
779.2205030918121 0.5151052474975586
783.8989429473877 0.45689237117767334
788.5742893218994 0.6162367463111877
793.2074902057648 0.5807921886444092
797.9252376556396 0.5025822520256042
802.7009019851685 0.6887847185134888
827.9019870758057 0.4815767705440521
834.3556637763977 0.6072207689285278
839.1900794506073 0.6961789131164551
844.0363616943359 0.8724089860916138
848.7447984218597 0.5762044191360474
853.5338943004608 0.6396503448486328
858.3494937419891 0.4922463297843933
863.1251330375671 0.6924856901168823
867.912778377533 0.8076024651527405
872.7749230861664 0.5775144100189209
877.5218460559845 0.6583229303359985
882.230934381485 0.555304765701294
886.934992313385 0.49503767490386963
891.6956608295441 0.573681116104126
896.3631482124329 0.49790307879447937
901.2220089435577 0.49140727519989014
905.9970166683197 0.6226528882980347
910.6597926616669 0.5501419901847839
915.3670864105225 0.6437574625015259
920.1182055473328 0.5917953848838806
944.5202119350433 0.550567626953125
950.9945631027222 0.595240592956543
955.8310639858246 0.7593024969100952
960.6669256687164 0.7125961780548096
965.5237538814545 0.5225921273231506
970.3857772350311 0.47530052065849304
975.1781883239746 0.5123766660690308
980.0012984275818 0.5855274200439453
984.8069343566895 0.6869676113128662
989.5913648605347 0.7072970271110535
994.3957321643829 0.5829637050628662
999.2269401550293 0.5697029232978821
1004.0077917575836 0.4538106620311737
1008.7486741542816 0.5188639163970947
1013.5222141742706 0.5080995559692383
1018.3076255321503 0.4652194380760193
1023.1638624668121 0.6120346784591675
1028.0337400436401 0.8091423511505127
1032.723706960678 0.49022218585014343
1037.4559061527252 0.5727805495262146
1062.8330495357513 0.4520973563194275
1069.299687385559 0.6506817936897278
1074.1553428173065 0.6602528095245361
1078.9476733207703 0.4392756223678589
1083.7052154541016 0.42856693267822266
1088.4453387260437 0.4927064776420593
1093.2019476890564 0.3632238507270813
1097.9702615737915 0.41723257303237915
1102.721438884735 0.5207297205924988
1107.472894191742 0.44052374362945557
1112.1935241222382 0.5331717729568481
1116.9240295886993 0.4076068103313446
1121.5993309020996 0.3877801299095154
1126.3226296901703 0.3638245761394501
1131.0318830013275 0.35468870401382446
1135.8145899772644 0.3633948564529419
1140.4796886444092 0.42480841279029846
1145.205542087555 0.3647403120994568
1149.9622294902802 0.3816241919994354
1154.672756433487 0.33451154828071594
1179.3394827842712 0.3403513431549072
1186.028778553009 0.35957273840904236
1190.8827266693115 0.3966359496116638
1195.7305824756622 0.31900790333747864
1200.5012204647064 0.37874266505241394
1205.2837164402008 0.34549272060394287
1210.0470447540283 0.3085988461971283
1214.783227443695 0.37040597200393677
1219.5436615943909 0.365543007850647
1224.3546919822693 0.33193954825401306
1229.0134954452515 0.3074236810207367
1233.8198509216309 0.3059406876564026
1238.6143624782562 0.3346649408340454
1243.3759319782257 0.31165608763694763
1248.0898129940033 0.2959824502468109
1252.7986102104187 0.31242725253105164
1257.4706680774689 0.3049370348453522
1262.2012548446655 0.3109152913093567
1266.9405047893524 0.28887510299682617
1271.6787490844727 0.2923305034637451
1296.627094745636 0.2937408685684204
1303.1432130336761 0.32142993807792664
1307.9606156349182 0.2791270613670349
1312.7760484218597 0.28080320358276367
1317.6412560939789 0.3481372594833374
1322.4692025184631 0.3010190725326538
1327.1688718795776 0.28626829385757446
1331.8969354629517 0.2687501907348633
1336.6348061561584 0.28609248995780945
1341.3155715465546 0.31037837266921997
1345.956285238266 0.27183014154434204
1350.624191045761 0.3003886044025421
1355.3201975822449 0.2734566926956177
1360.074055671692 0.2751787304878235
1364.7871806621552 0.32303205132484436
1369.4600296020508 0.24786308407783508
1374.1465811729431 0.26726967096328735
1378.847640991211 0.2807045578956604
1383.5143084526062 0.26152193546295166
1388.2145318984985 0.2832752764225006
1413.094799041748 0.24748599529266357
1419.585741519928 0.265644371509552
1424.3644995689392 0.30287760496139526
1429.1800982952118 0.2518080472946167
1434.0114350318909 0.2367892861366272
1438.7868115901947 0.26093631982803345
1443.5373356342316 0.24495455622673035
1448.3441989421844 0.27385789155960083
1453.1415922641754 0.2433311492204666
1458.0126566886902 0.2568415403366089
1462.746068239212 0.24529409408569336
1467.5381572246552 0.22893056273460388
1472.2943487167358 0.23008710145950317
1477.0479300022125 0.23478972911834717
1481.8138818740845 0.22080956399440765
1486.5724267959595 0.27021491527557373
1491.2864887714386 0.23809880018234253
1495.9852290153503 0.21896524727344513
1500.7170343399048 0.21603147685527802
1505.5418901443481 0.21930815279483795
1529.8943967819214 0.22325225174427032
1536.3550958633423 0.2506715953350067
1541.0658321380615 0.22570323944091797
1545.8319058418274 0.22505904734134674
1550.4985663890839 0.23647387325763702
1555.1943197250366 0.2198452353477478
1559.859582901001 0.20647050440311432
1564.5437369346619 0.2162332385778427
1569.1796066761017 0.26999157667160034
1573.9244894981384 0.21831919252872467
1578.5393733978271 0.22771313786506653
1583.2664823532104 0.22034522891044617
1587.9374837875366 0.2040710598230362
1592.6636610031128 0.22392819821834564
1597.3788089752197 0.1983574777841568
1602.0336833000183 0.20661304891109467
1606.7496473789215 0.20498202741146088
1611.4575486183167 0.2035176008939743
1616.1371974945068 0.19910366833209991
1620.8150749206543 0.20280233025550842
1645.474646806717 0.2057521492242813
1652.0866615772247 0.21084344387054443
1656.9139592647552 0.23843246698379517
1661.6622939109802 0.20029433071613312
1666.3700392246246 0.19721446931362152
1671.1211731433868 0.2033546417951584
1675.7989115715027 0.20999766886234283
1680.4843983650208 0.19902005791664124
1685.2041330337524 0.20323440432548523
1689.96493434906 0.1986025720834732
1694.7243559360504 0.20738980174064636
1699.4068624973297 0.19885410368442535
1704.0810458660126 0.20084109902381897
1708.7103054523468 0.19868488609790802
1713.5194282531738 0.19568952918052673
1718.20898771286 0.200496107339859
1722.9274368286133 0.21641643345355988
1727.6515007019043 0.19903740286827087
1732.3379833698273 0.19410204887390137
1737.057517528534 0.20796078443527222
1761.7637147903442 0.2001264989376068
1768.2566542625427 0.19530893862247467
1773.0549492835999 0.1972821205854416
1777.8445773124695 0.1980142593383789
1782.6248769760132 0.20060233771800995
1787.4306285381317 0.1940707117319107
1792.1711113452911 0.19323551654815674
1796.9335415363312 0.19461847841739655
1801.7084288597107 0.19979745149612427
1806.394761800766 0.20720124244689941
1811.146401643753 0.22458843886852264
1815.8788921833038 0.1966330111026764
1820.5825593471527 0.1931019127368927
1825.384078502655 0.1952563375234604
1830.0257995128632 0.1941455900669098
1834.7548060417175 0.19201117753982544
1839.470709323883 0.19750088453292847
1844.2261118888855 0.1930113285779953
1848.9044094085693 0.1923166811466217
1853.6255147457123 0.19695594906806946
1878.6062285900116 0.2159619778394699
1885.0102882385254 0.19291363656520844
1889.7608859539032 0.1986788809299469
1894.547280073166 0.21017378568649292
1899.314725637436 0.20040202140808105
1904.0601007938385 0.1944827139377594
1908.7230288982391 0.1912933886051178
1913.441997051239 0.19070662558078766
1918.2147710323334 0.21264299750328064
1922.9078269004822 0.19056175649166107
1927.6123328208923 0.2042405605316162
1932.3125729560852 0.1921049803495407
1936.9829015731812 0.1895991414785385
1941.6959722042084 0.1903313547372818
1946.409873008728 0.19034631550312042
1951.0842559337616 0.19187375903129578
1955.7914049625397 0.19431816041469574
1960.4570815563202 0.19459328055381775
1965.1128859519958 0.18852420151233673
1969.8020195960999 0.19579318165779114
1994.7837226390839 0.18982619047164917
2001.3563573360443 0.1947861760854721
2006.2259232997894 0.20099353790283203
2010.9988324642181 0.1904829889535904
2015.8002359867096 0.19261622428894043
2020.7466530799866 0.19516374170780182
2025.5386729240417 0.18881960213184357
2030.2832851409912 0.18821874260902405
2035.1411514282227 0.1973491907119751
2039.9368245601654 0.18986539542675018
2044.6182055473328 0.1894245445728302
2049.3796167373657 0.18821804225444794
2054.1785111427307 0.1884319931268692
2058.9562292099 0.19142749905586243
2063.7155084609985 0.189762145280838
2068.4476311206818 0.1879405677318573
2073.222713947296 0.19148671627044678
2077.9763853549957 0.18746906518936157
2082.7382624149323 0.18748846650123596
2087.501613855362 0.19332540035247803
2112.482197523117 0.1888972520828247
2118.989418745041 0.18990379571914673
2123.866715669632 0.18862833082675934
2128.7644827365875 0.19202180206775665
