13.996890783309937 0.078125
20.566369771957397 0.1171875
25.379602432250977 0.1666666716337204
30.17597460746765 0.171875
34.91926884651184 0.20000000298023224
39.65154409408569 0.2109375
44.33226490020752 0.2366071492433548
49.0006537437439 0.267578125
53.72761130332947 0.2934027910232544
58.41064119338989 0.30000001192092896
63.09784150123596 0.3224431872367859
67.79164028167725 0.328125
72.47994446754456 0.3413461446762085
77.13323330879211 0.3560267984867096
81.79055380821228 0.375
86.50579380989075 0.3837890625
91.2213978767395 0.38327205181121826
95.85607361793518 0.3958333432674408
100.53433060646057 0.40625
105.23939156532288 0.42109376192092896
129.97891664505005 0.640625
136.4299817085266 0.65625
141.07973885536194 0.6510416865348816
145.75718879699707 0.66015625
150.4561538696289 0.6812499761581421
155.22509956359863 0.6796875
159.914076089859 0.6919642686843872
164.55334043502808 0.697265625
169.28405094146729 0.6979166865348816
173.94952702522278 0.707812488079071
178.66461563110352 0.7116477489471436
183.3720269203186 0.7161458134651184
188.08562326431274 0.723557710647583
192.77288699150085 0.7310267686843872
197.42100524902344 0.7385416626930237
202.16076040267944 0.744140625
206.885400056839 0.7408088445663452
211.59132528305054 0.7404513955116272
216.2983913421631 0.7458881735801697
220.94756960868835 0.749218761920929
245.3457486629486 0.84375
251.7850742340088 0.828125
256.59031867980957 0.8177083134651184
261.3852081298828 0.8046875
266.1791875362396 0.8125
270.92098927497864 0.8229166865348816
275.69221687316895 0.8236607313156128
280.42729353904724 0.828125
285.1824643611908 0.8263888955116272
289.91918754577637 0.828125
294.6582489013672 0.8295454382896423
299.3896234035492 0.8333333134651184
304.10922741889954 0.8353365659713745
308.7862141132355 0.8348214030265808
313.51667499542236 0.8395833373069763
318.1640455722809 0.841796875
322.8318016529083 0.8400735259056091
327.5703065395355 0.8376736044883728
332.25596952438354 0.8379934430122375
336.97331166267395 0.83984375
361.5352370738983 0.90625
367.97086787223816 0.890625
372.7918848991394 0.8645833134651184
377.5812683105469 0.859375
382.3446686267853 0.8687499761581421
387.1795015335083 0.8619791865348816
391.93830275535583 0.8526785969734192
396.7319829463959 0.86328125
401.4621617794037 0.8489583134651184
406.22929644584656 0.846875011920929
410.9330253601074 0.8480113744735718
415.63731265068054 0.8528645634651184
420.32540559768677 0.854567289352417
425.08651900291443 0.8582589030265808
429.77415704727173 0.8656250238418579
434.54511857032776 0.8681640625
439.29808235168457 0.8630514740943909
443.9971148967743 0.8645833134651184
448.70799803733826 0.8667762875556946
453.43760561943054 0.864062488079071
477.9982542991638 0.90625
484.48094725608826 0.8984375
489.4006304740906 0.8645833134651184
494.2465612888336 0.85546875
499.0847222805023 0.8500000238418579
503.9497072696686 0.8515625
508.7460060119629 0.8638392686843872
513.605486869812 0.86328125
518.3817224502563 0.8628472089767456
523.2032487392426 0.8671875
527.9654591083527 0.8636363744735718
532.7886819839478 0.8697916865348816
537.5156979560852 0.8762019276618958
542.3257646560669 0.8761160969734192
547.1112957000732 0.8833333253860474
551.8519718647003 0.8876953125
556.6325426101685 0.8851103186607361
561.3708267211914 0.8845486044883728
566.1532077789307 0.8856908082962036
570.8784601688385 0.88671875
594.8059363365173 0.90625
601.3383982181549 0.8828125
606.2675986289978 0.875
611.1116111278534 0.86328125
615.8962407112122 0.8687499761581421
620.659880399704 0.8645833134651184
625.4414072036743 0.8727678656578064
630.1634714603424 0.880859375
634.9149520397186 0.8802083134651184
639.6983599662781 0.8812500238418579
644.4284970760345 0.8806818127632141
649.1869237422943 0.8828125
653.8480722904205 0.8834134340286255
658.5551645755768 0.8850446343421936
663.3689043521881 0.8885416388511658
668.1018903255463 0.8916015625
672.8275105953217 0.8897058963775635
677.5364248752594 0.8897569179534912
682.1952075958252 0.890625
686.9590046405792 0.8921874761581421
711.5931644439697 0.9375
717.9852986335754 0.8984375
722.7059519290924 0.890625
727.393084526062 0.8984375
732.1516671180725 0.8968750238418579
736.9114899635315 0.8932291865348816
741.642255783081 0.8950892686843872
746.3715252876282 0.90234375
751.1332783699036 0.9010416865348816
755.8087224960327 0.8984375
760.4956040382385 0.8934659361839294
765.2031211853027 0.8958333134651184
769.8677814006805 0.8966346383094788
774.5331180095673 0.8973214030265808
779.2205030918121 0.8979166746139526
783.8989429473877 0.9033203125
788.5742893218994 0.9016544222831726
793.2074902057648 0.9010416865348816
797.9252376556396 0.9037829041481018
802.7009019851685 0.901562511920929
827.9019870758057 0.9375
834.3556637763977 0.9140625
839.1900794506073 0.8958333134651184
844.0363616943359 0.88671875
848.7447984218597 0.890625
853.5338943004608 0.890625
858.3494937419891 0.8973214030265808
863.1251330375671 0.89453125
867.912778377533 0.8854166865348816
872.7749230861664 0.887499988079071
877.5218460559845 0.8849431872367859
882.230934381485 0.8880208134651184
886.934992313385 0.8918269276618958
891.6956608295441 0.8928571343421936
896.3631482124329 0.8979166746139526
901.2220089435577 0.9013671875
905.9970166683197 0.9016544222831726
910.6597926616669 0.9036458134651184
915.3670864105225 0.9013158082962036
920.1182055473328 0.9007812738418579
944.5202119350433 0.921875
950.9945631027222 0.8984375
955.8310639858246 0.8854166865348816
960.6669256687164 0.8828125
965.5237538814545 0.887499988079071
970.3857772350311 0.9036458134651184
975.1781883239746 0.9040178656578064
980.0012984275818 0.90234375
984.8069343566895 0.8993055820465088
989.5913648605347 0.8968750238418579
994.3957321643829 0.8963068127632141
999.2269401550293 0.8971354365348816
1004.0077917575836 0.9026442170143127
1008.7486741542816 0.9029017686843872
1013.5222141742706 0.90625
1018.3076255321503 0.91015625
1023.1638624668121 0.9108455777168274
1028.0337400436401 0.90625
1032.723706960678 0.9078947305679321
1037.4559061527252 0.909375011920929
1062.8330495357513 0.9375
1069.299687385559 0.9140625
1074.1553428173065 0.8854166865348816
1078.9476733207703 0.90234375
1083.7052154541016 0.918749988079071
1088.4453387260437 0.921875
1093.2019476890564 0.9330357313156128
1097.9702615737915 0.935546875
1102.721438884735 0.9357638955116272
1107.472894191742 0.9390624761581421
1112.1935241222382 0.9389204382896423
1116.9240295886993 0.9427083134651184
1121.5993309020996 0.9447115659713745
1126.3226296901703 0.9475446343421936
1131.0318830013275 0.949999988079071
1135.8145899772644 0.9521484375
1140.4796886444092 0.953125
1145.205542087555 0.9548611044883728
1149.9622294902802 0.9564144611358643
1154.672756433487 0.9585937261581421
1179.3394827842712 0.984375
1186.028778553009 0.984375
1190.8827266693115 0.9791666865348816
1195.7305824756622 0.984375
1200.5012204647064 0.981249988079071
1205.2837164402008 0.9817708134651184
1210.0470447540283 0.984375
1214.783227443695 0.982421875
1219.5436615943909 0.9809027910232544
1224.3546919822693 0.981249988079071
1229.0134954452515 0.9829545617103577
1233.8198509216309 0.984375
1238.6143624782562 0.984375
1243.3759319782257 0.984375
1248.0898129940033 0.9854166507720947
1252.7986102104187 0.9853515625
1257.4706680774689 0.9852941036224365
1262.2012548446655 0.9861111044883728
1266.9405047893524 0.9868420958518982
1271.6787490844727 0.987500011920929
1296.627094745636 0.984375
1303.1432130336761 0.9765625
1307.9606156349182 0.984375
1312.7760484218597 0.98828125
1317.6412560939789 0.981249988079071
1322.4692025184631 0.9817708134651184
1327.1688718795776 0.9821428656578064
1331.8969354629517 0.984375
1336.6348061561584 0.984375
1341.3155715465546 0.984375
1345.956285238266 0.9857954382896423
1350.624191045761 0.984375
1355.3201975822449 0.9855769276618958
1360.074055671692 0.9866071343421936
1364.7871806621552 0.984375
1369.4600296020508 0.9853515625
1374.1465811729431 0.986213207244873
1378.847640991211 0.9861111044883728
1383.5143084526062 0.9868420958518982
1388.2145318984985 0.987500011920929
1413.094799041748 1.0
1419.585741519928 1.0
1424.3644995689392 0.9895833134651184
1429.1800982952118 0.9921875
1434.0114350318909 0.9937499761581421
1438.7868115901947 0.9921875
1443.5373356342316 0.9933035969734192
1448.3441989421844 0.9921875
1453.1415922641754 0.9930555820465088
1458.0126566886902 0.9937499761581421
1462.746068239212 0.9928977489471436
1467.5381572246552 0.9934895634651184
1472.2943487167358 0.9939903616905212
1477.0479300022125 0.9944196343421936
1481.8138818740845 0.9947916865348816
1486.5724267959595 0.994140625
1491.2864887714386 0.9935661554336548
1495.9852290153503 0.9939236044883728
1500.7170343399048 0.9942434430122375
1505.5418901443481 0.9945312738418579
1529.8943967819214 1.0
1536.3550958633423 0.9921875
1541.0658321380615 0.9947916865348816
1545.8319058418274 0.99609375
1550.4985663890839 0.9937499761581421
1555.1943197250366 0.9921875
1559.859582901001 0.9933035969734192
1564.5437369346619 0.994140625
1569.1796066761017 0.9930555820465088
1573.9244894981384 0.9937499761581421
1578.5393733978271 0.9943181872367859
1583.2664823532104 0.9934895634651184
1587.9374837875366 0.9939903616905212
1592.6636610031128 0.9933035969734192
1597.3788089752197 0.9937499761581421
1602.0336833000183 0.994140625
1606.7496473789215 0.9944853186607361
1611.4575486183167 0.9947916865348816
1616.1371974945068 0.9950658082962036
1620.8150749206543 0.995312511920929
1645.474646806717 1.0
1652.0866615772247 1.0
1656.9139592647552 0.9947916865348816
1661.6622939109802 0.99609375
1666.3700392246246 0.996874988079071
1671.1211731433868 0.9973958134651184
1675.7989115715027 0.9977678656578064
1680.4843983650208 0.998046875
1685.2041330337524 0.9982638955116272
1689.96493434906 0.9984375238418579
1694.7243559360504 0.9985795617103577
1699.4068624973297 0.9986979365348816
1704.0810458660126 0.9987980723381042
1708.7103054523468 0.9988839030265808
1713.5194282531738 0.9989583492279053
1718.20898771286 0.9990234375
1722.9274368286133 0.998161792755127
1727.6515007019043 0.9982638955116272
1732.3379833698273 0.9983552694320679
1737.057517528534 0.9984375238418579
1761.7637147903442 1.0
1768.2566542625427 1.0
1773.0549492835999 1.0
1777.8445773124695 1.0
1782.6248769760132 1.0
1787.4306285381317 1.0
1792.1711113452911 1.0
1796.9335415363312 1.0
1801.7084288597107 1.0
1806.394761800766 1.0
1811.146401643753 0.9985795617103577
1815.8788921833038 0.9986979365348816
1820.5825593471527 0.9987980723381042
1825.384078502655 0.9988839030265808
1830.0257995128632 0.9989583492279053
1834.7548060417175 0.9990234375
1839.470709323883 0.9990808963775635
1844.2261118888855 0.9991319179534912
1848.9044094085693 0.9991776347160339
1853.6255147457123 0.999218761920929
1878.6062285900116 0.984375
1885.0102882385254 0.9921875
1889.7608859539032 0.9947916865348816
1894.547280073166 0.9921875
1899.314725637436 0.9937499761581421
1904.0601007938385 0.9947916865348816
1908.7230288982391 0.9955357313156128
1913.441997051239 0.99609375
1918.2147710323334 0.9947916865348816
1922.9078269004822 0.995312511920929
1927.6123328208923 0.9957386255264282
1932.3125729560852 0.99609375
1936.9829015731812 0.9963942170143127
1941.6959722042084 0.9966517686843872
1946.409873008728 0.996874988079071
1951.0842559337616 0.9970703125
1955.7914049625397 0.9972426295280457
1960.4570815563202 0.9973958134651184
1965.1128859519958 0.9975329041481018
1969.8020195960999 0.9976562261581421
1994.7837226390839 1.0
2001.3563573360443 1.0
2006.2259232997894 1.0
2010.9988324642181 1.0
2015.8002359867096 1.0
2020.7466530799866 1.0
2025.5386729240417 1.0
2030.2832851409912 1.0
2035.1411514282227 1.0
2039.9368245601654 1.0
2044.6182055473328 1.0
2049.3796167373657 1.0
2054.1785111427307 1.0
2058.9562292099 1.0
2063.7155084609985 1.0
2068.4476311206818 1.0
2073.222713947296 1.0
2077.9763853549957 1.0
2082.7382624149323 1.0
2087.501613855362 1.0
2112.482197523117 1.0
2118.989418745041 1.0
2123.866715669632 1.0
2128.7644827365875 1.0
