12.465668678283691 0.25
19.334454774856567 0.359375
24.028059482574463 0.34375
28.692488193511963 0.3515625
33.43698787689209 0.35624998807907104
38.14857602119446 0.3854166567325592
43.08154654502869 0.375
48.07822608947754 0.39453125
53.09388256072998 0.4236111044883728
58.11833333969116 0.4375
63.1548957824707 0.44602271914482117
68.16976761817932 0.4609375
73.15282773971558 0.48076921701431274
78.17691230773926 0.5
83.1267306804657 0.5166666507720947
88.15110230445862 0.52734375
93.20871305465698 0.5441176295280457
98.19851899147034 0.5572916865348816
103.18479323387146 0.5674341917037964
108.17480564117432 0.5718749761581421
113.19171500205994 0.5788690447807312
118.16965961456299 0.5894886255264282
123.14769577980042 0.5964673757553101
128.1532096862793 0.5989583134651184
133.18182396888733 0.6037499904632568
138.17209672927856 0.6069711446762085
143.20363569259644 0.6145833134651184
148.1197121143341 0.6238839030265808
153.12225079536438 0.6271551847457886
158.1669042110443 0.6291666626930237
163.17991423606873 0.6370967626571655
168.18399119377136 0.6435546875
173.15319895744324 0.6486742496490479
178.1594386100769 0.6516544222831726
183.15723514556885 0.6589285731315613
188.19027280807495 0.6614583134651184
193.15072631835938 0.6672297120094299
198.14485955238342 0.6710526347160339
203.09635281562805 0.6770833134651184
208.1351761817932 0.680468738079071
242.13356566429138 0.90625
248.93757581710815 0.90625
253.62291932106018 0.8854166865348816
258.57677125930786 0.875
263.5523171424866 0.84375
268.52247381210327 0.84375
273.5868237018585 0.8169642686843872
278.60016798973083 0.828125
283.6876780986786 0.8333333134651184
288.6753764152527 0.824999988079071
293.7221121788025 0.8238636255264282
298.70915055274963 0.8307291865348816
303.7007336616516 0.8245192170143127
308.7492845058441 0.8214285969734192
313.7025592327118 0.831250011920929
318.66684436798096 0.833984375
323.6649284362793 0.8345588445663452
328.6788012981415 0.8402777910232544
333.7152769565582 0.8388158082962036
338.7735769748688 0.84375
343.7621645927429 0.8422619104385376
348.81849360466003 0.8451704382896423
353.8757212162018 0.845108687877655
358.8668313026428 0.8463541865348816
363.8668882846832 0.8475000262260437
368.85406494140625 0.8497596383094788
373.868527173996 0.8483796119689941
378.92202711105347 0.8482142686843872
383.96946597099304 0.8491379022598267
388.9481873512268 0.8510416746139526
393.98997044563293 0.8538306355476379
399.06935262680054 0.8564453125
404.10892701148987 0.8570075631141663
409.1526749134064 0.8538603186607361
414.21262097358704 0.8526785969734192
419.2857828140259 0.8541666865348816
424.3858106136322 0.8521959185600281
429.3970181941986 0.8552631735801697
434.431964635849 0.8573718070983887
439.5043716430664 0.858593761920929
474.5408937931061 0.9189189076423645
481.40923833847046 0.9189189076423645
486.15553975105286 0.8738738894462585
490.87815141677856 0.8716216087341309
495.80853724479675 0.8702702522277832
500.87551712989807 0.8873873949050903
505.91780066490173 0.88416987657547
510.9711639881134 0.8952702879905701
516.0148301124573 0.8918918967247009
521.037522315979 0.883783757686615
526.1325147151947 0.8943489193916321
531.2490208148956 0.8963963985443115
536.3056447505951 0.8960499167442322
541.3417310714722 0.9015443921089172
546.419780254364 0.8990991115570068
551.4956579208374 0.9037162065505981
556.6214668750763 0.9014308452606201
561.6415946483612 0.9054054021835327
566.6982028484344 0.9018492102622986
571.7370810508728 0.9054054021835327
576.8146088123322 0.9060488939285278
581.8306090831757 0.9078624248504639
586.9027729034424 0.9083431363105774
591.9477000236511 0.9110360145568848
597.0493297576904 0.9113513231277466
602.1066000461578 0.9116424322128296
607.1352543830872 0.913913905620575
612.2588353157043 0.9140926599502563
617.3428225517273 0.9151910543441772
622.3885133266449 0.9117116928100586
627.3942217826843 0.9119442105293274
632.4472029209137 0.912162184715271
637.4748365879059 0.9123669266700745
642.4979972839355 0.9093799591064453
680.6568849086761 0.9729729890823364
687.5329740047455 0.9459459185600281
692.2937486171722 0.9099099040031433
697.0901830196381 0.8851351141929626
701.9409461021423 0.8972973227500916
706.998494386673 0.9099099040031433
712.0980608463287 0.9034749269485474
717.1819863319397 0.9087837934494019
722.3205156326294 0.9069069027900696
727.4031472206116 0.8972973227500916
732.5159969329834 0.8992629051208496
737.5850350856781 0.9031531810760498
742.6617474555969 0.9022868871688843
747.7598218917847 0.9015443921089172
752.847195148468 0.9009009003639221
757.9427690505981 0.9054054021835327
763.0788052082062 0.9030206799507141
768.2044813632965 0.9084084033966064
773.2595975399017 0.9075391292572021
778.3815176486969 0.9094594717025757
783.542218208313 0.9099099040031433
788.681916475296 0.9115478992462158
793.7830853462219 0.9106932878494263
798.8556745052338 0.9110360145568848
803.9074862003326 0.9145945906639099
809.0451834201813 0.9116424322128296
814.1114263534546 0.912912905216217
819.2356827259064 0.915057897567749
824.2785284519196 0.9170550107955933
829.336131811142 0.9189189076423645
834.4147396087646 0.9189189076423645
839.4609034061432 0.9180743098258972
844.566077709198 0.9197379350662231
849.7059807777405 0.9197138547897339
888.373132944107 0.9729729890823364
895.2075259685516 0.9459459185600281
899.9229459762573 0.9459459185600281
904.6825466156006 0.9459459185600281
909.6014559268951 0.9513513445854187
914.7186229228973 0.9504504799842834
919.7267172336578 0.9382239580154419
924.7955415248871 0.9358108043670654
929.8793518543243 0.9369369149208069
934.8991975784302 0.929729700088501
939.9471936225891 0.9312039017677307
944.9856009483337 0.9324324131011963
950.0074124336243 0.9334719181060791
955.0655810832977 0.9362934231758118
960.0872564315796 0.9333333373069763
965.0933575630188 0.9341216087341309
970.08633852005 0.9300476908683777
975.0768084526062 0.9309309124946594
980.11878657341 0.9317212104797363
985.2073109149933 0.9324324131011963
990.2812325954437 0.9343629479408264
995.304206609726 0.9336609244346619
1000.3384954929352 0.935370147228241
1005.3296992778778 0.934684693813324
1010.3159189224243 0.9362162351608276
1015.3110327720642 0.9324324131011963
1020.3596470355988 0.9339339137077332
1025.406333208084 0.9333977103233337
1030.4508047103882 0.9347623586654663
1035.5520901679993 0.9333333373069763
1040.5812168121338 0.9337401986122131
1045.5994913578033 0.9349662065505981
1050.5873322486877 0.936117947101593
1055.6016511917114 0.9364069700241089
1094.0671756267548 0.9830508232116699
1101.213989019394 0.9745762944221497
1106.2315440177917 0.9661017060279846
1111.2032465934753 0.9618644118309021
1116.189002275467 0.9627118706703186
1121.17853474617 0.9576271176338196
1126.1628091335297 0.9612590670585632
1131.1746108531952 0.9618644118309021
1136.17640542984 0.9623352289199829
1141.2099595069885 0.9661017060279846
1146.2179250717163 0.9661017060279846
1151.2621576786041 0.9646892547607422
1156.237045288086 0.9634941220283508
1161.3065540790558 0.9648910164833069
1166.389761209488 0.9627118706703186
1171.495968580246 0.9639830589294434
1176.5479741096497 0.9651046991348267
1181.5273871421814 0.9661017060279846
1186.5501551628113 0.9678857922554016
1191.5816597938538 0.9686440825462341
1196.568125963211 0.9701371788978577
1201.6053628921509 0.9707241654396057
1237.3272051811218 0.9491525292396545
1244.5424029827118 0.9491525292396545
1249.6310360431671 0.9548022747039795
1254.6043286323547 0.9533898234367371
1259.5920975208282 0.9593220353126526
1264.7577648162842 0.9604519605636597
1270.0188691616058 0.9661017060279846
1275.2477595806122 0.9639830589294434
1280.5167791843414 0.9661017060279846
1285.8012754917145 0.9694915413856506
1291.0795788764954 0.9707241654396057
1296.29966878891 0.9731638431549072
1301.6194491386414 0.9687092304229736
1306.9140660762787 0.9673123359680176
1312.1984014511108 0.9683615565299988
1317.4211621284485 0.9671609997749329
1322.6786048412323 0.9680957198143005
1327.9510159492493 0.9679849147796631
1333.2596833705902 0.9696699380874634
1338.558967590332 0.9703390002250671
1343.879408121109 0.9709442853927612
1349.1573972702026 0.9707241654396057
1385.1383559703827 0.9661017060279846
1392.386757850647 0.9661017060279846
1397.4041509628296 0.9717513918876648
1402.3859770298004 0.9661017060279846
1407.3967418670654 0.9627118706703186
1412.391250371933 0.9576271176338196
1417.3592596054077 0.9636803865432739
1422.3765602111816 0.9618644118309021
1427.3140108585358 0.9585687518119812
1432.3441712856293 0.9627118706703186
1437.3577423095703 0.9599383473396301
1442.4749760627747 0.9618644118309021
1447.4710133075714 0.9595828056335449
1452.518988609314 0.962469756603241
1457.5889582633972 0.9627118706703186
1462.654777288437 0.9639830589294434
1467.7061882019043 0.9621136784553528
1472.7841084003448 0.9595103859901428
1477.8530526161194 0.9607493281364441
1482.934341430664 0.9627118706703186
1487.9319999217987 0.9644874930381775
1492.979746580124 0.9661017060279846
1528.6320786476135 0.9830508232116699
1535.7875430583954 0.991525411605835
1540.763744354248 0.9830508232116699
1545.7713198661804 0.9788135886192322
1550.7393844127655 0.9796609878540039
1555.7711837291718 0.9802259802818298
1560.764250278473 0.9757869243621826
1565.7091591358185 0.9724576473236084
1570.7413642406464 0.973634660243988
1575.8375434875488 0.9745762944221497
1580.864827632904 0.9753466844558716
1585.926629781723 0.9731638431549072
1590.9291081428528 0.9726206064224243
1595.9234890937805 0.9745762944221497
1600.9970216751099 0.9740113019943237
1606.1980559825897 0.9745762944221497
1611.4701538085938 0.9760717749595642
1616.7611882686615 0.9726930260658264
1621.9962792396545 0.9732381701469421
1627.2579545974731 0.9745762944221497
1632.4952840805054 0.974979817867279
1637.8618667125702 0.9745762944221497
1672.7756781578064 0.9661017060279846
1679.946538925171 0.9661017060279846
1684.988116979599 0.9717513918876648
1690.0740959644318 0.9703390002250671
1695.1160638332367 0.9661017060279846
1700.139315366745 0.9689265489578247
1705.154797554016 0.9685230255126953
1710.248636007309 0.9661017060279846
1715.24045586586 0.9698681831359863
1720.2610342502594 0.9694915413856506
1725.3184020519257 0.9707241654396057
1730.3609681129456 0.9731638431549072
1735.3455286026 0.9726206064224243
1740.3756504058838 0.9733656048774719
1745.4314680099487 0.9706214666366577
1750.5043663978577 0.9703390002250671
1755.549957036972 0.9700897336006165
1760.5793526172638 0.9679849147796631
1765.6629147529602 0.9687778949737549
1770.6741223335266 0.9703390002250671
1775.772948026657 0.9709442853927612
1780.866096496582 0.9707241654396057
1816.4784080982208 0.9714285731315613
1823.8813982009888 0.9785714149475098
1829.0483644008636 0.9809523820877075
1834.2331116199493 0.9857142567634583
1839.5097253322601 0.9885714054107666
1844.7256665229797 0.988095223903656
1850.0007755756378 0.9877551198005676
1855.2611954212189 0.9839285612106323
1860.460387468338 0.9857142567634583
1865.6777794361115 0.9828571677207947
1871.0352230072021 0.9805194735527039
1876.3010222911835 0.9809523820877075
1881.5792033672333 0.9813186526298523
1886.8569068908691 0.9795918464660645
1892.1717591285706 0.9790475964546204
1897.4306128025055 0.9803571701049805
1902.6911978721619 0.9815126061439514
1908.0745022296906 0.9817460179328918
1948.283037662506 1.0
1955.757435798645 0.9857142567634583
1960.953268289566 0.9857142567634583
1966.1142377853394 0.9892857074737549
1971.3429143428802 0.991428554058075
1976.5686461925507 0.9904761910438538
1981.815025806427 0.9897959232330322
1987.0538761615753 0.987500011920929
1992.2370946407318 0.9873015880584717
1997.4963958263397 0.9871428608894348
2002.7209959030151 0.984415590763092
2008.02348446846 0.9845238327980042
2013.2436187267303 0.9857142567634583
2018.5214262008667 0.9857142567634583
2023.761578321457 0.9838095307350159
2028.961660861969 0.9821428656578064
2034.1993107795715 0.9815126061439514
2039.4191443920135 0.9817460179328918
2078.9132244586945 0.9830508232116699
2087.6538796424866 0.9872881174087524
2094.1437356472015 0.9887005686759949
2100.649906396866 0.991525411605835
2107.1676824092865 0.991525411605835
2113.680467605591 0.991525411605835
2120.210829257965 0.991525411605835
2126.7137224674225 0.9894067645072937
2133.218119621277 0.9905837774276733
2139.711164712906 0.991525411605835
2146.356221437454 0.991525411605835
2184.2440345287323 0.991525411605835
2193.0446512699127 0.9957627058029175
2199.581595182419 0.9971751570701599
2206.194343328476 0.9936440587043762
2212.7431168556213 0.993220329284668
2219.3504860401154 0.994350254535675
2225.925168991089 0.9939467310905457
2232.4454288482666 0.9947034120559692
2238.958962917328 0.9952918887138367
2245.501493692398 0.9957627058029175
2252.2595839500427 0.9961479306221008
2291.73406791687 1.0
2300.3335297107697 1.0
2306.859927892685 0.994350254535675
2313.3182904720306 0.991525411605835
2319.842808485031 0.991525411605835
2326.319698572159 0.991525411605835
2332.7624430656433 0.9927361011505127
2339.287441253662 0.992584764957428
2345.806343317032 0.9934086799621582
2352.357377052307 0.993220329284668
2359.0344336032867 0.9930662512779236
2398.0163168907166 0.991525411605835
2406.8328931331635 0.991525411605835
2413.323874473572 0.9887005686759949
2419.863144636154 0.991525411605835
2426.43692278862 0.993220329284668
2432.968015909195 0.994350254535675
2439.5337858200073 0.9939467310905457
2446.006574869156 0.9936440587043762
2452.52144408226 0.9934086799621582
2459.1377182006836 0.9923728704452515
2465.7686834335327 0.990755021572113
2504.1940517425537 1.0
2513.0078735351562 0.991525411605835
2519.541262626648 0.991525411605835
2526.086702108383 0.991525411605835
2532.584158182144 0.988135576248169
2539.0565745830536 0.9872881174087524
2545.664868116379 0.9878934621810913
2552.1122858524323 0.9894067645072937
2558.642056941986 0.9905837774276733
2565.265154361725 0.9906779527664185
2571.9020075798035 0.991525411605835
2610.6801855564117 0.9830508232116699
2619.4205276966095 0.9872881174087524
2625.976414680481 0.9858757257461548
2632.4820170402527 0.9851694703102112
2639.031795501709 0.988135576248169
2645.5212032794952 0.9901130199432373
2652.075448513031 0.990314781665802
2658.6099355220795 0.9894067645072937
2665.2412519454956 0.9905837774276733
2671.8297753334045 0.991525411605835
2678.5618753433228 0.9922958612442017
2716.5346961021423 1.0
2725.2292487621307 0.991525411605835
2731.746002674103 0.9858757257461548
2738.2200248241425 0.9894067645072937
2744.710886478424 0.989830493927002
2751.230085849762 0.9901130199432373
2757.7132823467255 0.990314781665802
2764.2146060466766 0.9904661178588867
2770.7047247886658 0.991525411605835
2777.2695696353912 0.9923728704452515
2783.9334449768066 0.991525411605835
2822.2023828029633 0.9920634627342224
2831.5408577919006 0.976190447807312
2838.225131750107 0.9788359999656677
2844.913532972336 0.9801587462425232
2851.6984927654266 0.9841269850730896
2858.456779718399 0.9841269850730896
2865.2601878643036 0.9841269850730896
2872.0422837734222 0.9841269850730896
2878.7550568580627 0.9841269850730896
2885.5968289375305 0.9857142567634583
2926.8398752212524 0.9841269850730896
2935.8474304676056 0.9841269850730896
2942.561974287033 0.9841269850730896
2949.420861721039 0.9821428656578064
2956.1902515888214 0.9841269850730896
2963.0137112140656 0.9841269850730896
2969.7381553649902 0.9863945841789246
2976.471589565277 0.9861111044883728
2983.3138539791107 0.9858906269073486
2990.1165070533752 0.9873015880584717
