12.772305250167847 4.272836685180664
19.798680305480957 2.1059274673461914
24.8603298664093 1.9771519899368286
29.870108604431152 1.9943279027938843
34.88988375663757 1.9609110355377197
39.92048668861389 1.706174612045288
44.93809199333191 2.262796640396118
49.970468521118164 1.8423055410385132
54.998631715774536 1.2049596309661865
60.06311583518982 1.4946683645248413
65.10668349266052 1.250801682472229
70.15000605583191 1.4122645854949951
75.18486261367798 1.4459919929504395
80.24051403999329 1.3837618827819824
85.25453567504883 1.0039520263671875
90.21318674087524 1.421811819076538
95.22563195228577 0.9025349617004395
100.26123118400574 1.1907545328140259
105.26693844795227 1.0442390441894531
110.24413728713989 1.212622046470642
115.25918459892273 1.1796220541000366
120.31460809707642 0.7833636999130249
125.34843325614929 0.9680109024047852
130.33449411392212 1.370405912399292
135.35685992240906 1.1645687818527222
140.35947227478027 1.0490055084228516
145.38287115097046 1.0513734817504883
150.36708903312683 0.8079042434692383
155.3963704109192 0.8857654929161072
160.40825414657593 1.1325370073318481
165.45145106315613 0.6295305490493774
170.43141150474548 0.6799939870834351
175.4526240825653 0.9997323751449585
180.4219343662262 0.8839372396469116
185.48833465576172 0.9396791458129883
190.53440761566162 0.9624248743057251
195.5362846851349 0.8632840514183044
200.55134177207947 0.8277982473373413
205.59108471870422 0.74659264087677
210.55955743789673 1.0835627317428589
244.65235304832458 0.6369715332984924
251.4535071849823 0.7126500606536865
256.22909903526306 0.8442466855049133
261.30349922180176 0.9516175985336304
266.2869493961334 0.9717612266540527
271.3100390434265 0.6970975399017334
276.31945610046387 1.3269747495651245
281.3116192817688 0.7217584848403931
286.32992219924927 0.7058473825454712
291.3376274108887 0.869067907333374
296.3314690589905 0.6274129152297974
301.33174180984497 0.8335240483283997
306.3007309436798 0.7938737869262695
311.36946272850037 0.7199007272720337
316.38567447662354 0.6857041716575623
321.3954334259033 0.7457633018493652
326.4346845149994 0.7389382123947144
331.49569606781006 0.5919210910797119
336.55218958854675 0.7740094065666199
341.55310797691345 0.7145052552223206
346.58158922195435 0.7247979044914246
351.60568356513977 0.6666054725646973
356.6690080165863 0.6363533735275269
361.6814067363739 0.9175794124603271
366.64936351776123 0.6583302021026611
371.67285346984863 0.5475319623947144
376.71284341812134 0.6962792277336121
381.7704887390137 0.5368527173995972
386.7997314929962 0.4393063485622406
391.8570694923401 0.9286836385726929
396.88535475730896 0.46358346939086914
401.9353439807892 0.45695292949676514
407.0279760360718 0.4798826575279236
412.11712408065796 0.6056273579597473
417.1135799884796 0.5363268256187439
422.1346957683563 0.7412902116775513
427.09971857070923 0.6236245632171631
432.07431864738464 0.7107369899749756
437.1076910495758 0.6388964653015137
442.15378522872925 0.8503073453903198
476.76245498657227 0.4641909599304199
483.7496244907379 0.5986363887786865
488.614239692688 0.4621926546096802
493.4613239765167 0.6369256973266602
498.2942690849304 0.5414515137672424
503.1544635295868 0.7588714957237244
508.08022904396057 0.6276882886886597
512.9657988548279 0.644515872001648
517.8324723243713 0.5856238007545471
522.6644659042358 0.693713903427124
527.5149133205414 0.5595876574516296
532.4134466648102 0.535205602645874
537.3473856449127 0.3934873342514038
542.2448618412018 0.49287477135658264
547.2066769599915 0.39046207070350647
552.1928017139435 0.37091588973999023
557.1256115436554 0.4337581992149353
562.0402636528015 0.45868271589279175
566.9552276134491 0.5793507099151611
571.8593769073486 0.43844127655029297
577.0177209377289 0.5785578489303589
582.2237751483917 0.39636972546577454
587.4148054122925 0.43658843636512756
592.6510586738586 0.4483906030654907
627.5146629810333 0.4039393663406372
635.7482998371124 0.38717538118362427
641.981329202652 0.4212057590484619
648.2701685428619 0.4742088317871094
654.5122520923615 0.5078577399253845
660.7884957790375 0.44070976972579956
667.0339486598969 0.3204152584075928
673.2157068252563 0.3776153326034546
679.4129106998444 0.32100045680999756
685.6917316913605 0.35100245475769043
691.9851553440094 0.3651936948299408
698.2764546871185 0.41510793566703796
736.5352916717529 0.3324415385723114
745.4168009757996 0.2923072576522827
752.1094043254852 0.37248849868774414
758.8695049285889 0.32513853907585144
765.5888929367065 0.30443209409713745
772.3147563934326 0.3117682933807373
779.0719001293182 0.31667304039001465
785.8120481967926 0.3410014510154724
792.5553681850433 0.2976595163345337
799.3422486782074 0.33712178468704224
806.218761920929 0.34029120206832886
840.9098217487335 0.3205006420612335
849.7985126972198 0.30469268560409546
856.4667201042175 0.3556266725063324
863.2188198566437 0.2896670401096344
869.9698488712311 0.26948806643486023
876.6420397758484 0.30010369420051575
883.3839631080627 0.28683581948280334
890.232748746872 0.33829811215400696
897.0652678012848 0.3150617778301239
903.9127650260925 0.28866368532180786
910.7040667533875 0.27266913652420044
946.0915651321411 0.24353007972240448
955.0446307659149 0.27055367827415466
961.8009357452393 0.2634615898132324
968.5934867858887 0.27565276622772217
975.3028092384338 0.2667483985424042
982.020254611969 0.2955915331840515
988.7827990055084 0.27464962005615234
995.5171976089478 0.292068749666214
1002.320748090744 0.2825801968574524
1009.2371037006378 0.2563912272453308
1016.1328403949738 0.27846166491508484
1051.267261505127 0.27371153235435486
1060.1718018054962 0.26870474219322205
1066.8671867847443 0.2940711975097656
1073.6541311740875 0.2998967170715332
1080.3607771396637 0.2642105221748352
1087.10254073143 0.29260560870170593
1093.843831539154 0.2732686698436737
1100.571132659912 0.262225866317749
1107.415688753128 0.2465687245130539
1114.3848736286163 0.3206764757633209
1121.2023582458496 0.23222918808460236
1156.5705988407135 0.22681887447834015
1165.4373610019684 0.24646010994911194
1172.1073036193848 0.34404975175857544
1178.7733509540558 0.25999584794044495
1185.5153017044067 0.2535606026649475
1192.1864943504333 0.22484435141086578
1198.9536538124084 0.26779478788375854
1205.6892721652985 0.2486245334148407
1212.436308145523 0.23814836144447327
1219.2965681552887 0.22962649166584015
1226.206113576889 0.2946600914001465
1260.6812274456024 0.21289870142936707
1269.5765235424042 0.22800932824611664
1276.225788116455 0.25475093722343445
1282.8447697162628 0.21777477860450745
1289.5492362976074 0.23397883772850037
1296.176230430603 0.2510124444961548
1302.8514699935913 0.2273675799369812
1309.4815611839294 0.28194659948349
1316.2259318828583 0.24835973978042603
1323.0589046478271 0.243876650929451
1329.8569128513336 0.30299922823905945
1365.3197302818298 0.19866561889648438
1374.4096717834473 0.20781347155570984
1381.143913269043 0.21268980205059052
1387.8862178325653 0.2377437949180603
1394.6290230751038 0.21823002398014069
1401.286863565445 0.2602548599243164
1408.0023083686829 0.22649653255939484
1414.71764087677 0.23663613200187683
1421.4442296028137 0.20695820450782776
1428.3084108829498 0.2496793270111084
1435.1410167217255 0.2690677344799042
1470.5581288337708 0.1992848813533783
1479.6051461696625 0.3029481768608093
1486.3217315673828 0.22612492740154266
1493.0200333595276 0.2230774164199829
1499.77907371521 0.20485644042491913
1506.4926269054413 0.21300862729549408
1513.2055797576904 0.24547304213047028
1519.9877409934998 0.2105383723974228
1526.7871780395508 0.21253232657909393
1533.6078119277954 0.20192661881446838
1540.5104558467865 0.26935240626335144
1575.751427412033 0.19237296283245087
1584.6462774276733 0.21870680153369904
1591.3627700805664 0.25171756744384766
1598.1077017784119 0.2037246823310852
1604.7924373149872 0.22783391177654266
1611.416827917099 0.24791213870048523
1618.1124260425568 0.2113395780324936
1624.8621842861176 0.21966417133808136
1631.656224489212 0.2035810798406601
1638.4906256198883 0.19643467664718628
1645.399337530136 0.2998775541782379
1679.8909938335419 0.21342825889587402
1688.799248456955 0.18087252974510193
1695.461485862732 0.21586117148399353
1702.1095170974731 0.1881331205368042
1708.7672033309937 0.20385369658470154
1715.4442324638367 0.17447735369205475
1722.1131613254547 0.19516333937644958
1728.7872195243835 0.18386591970920563
1735.589937210083 0.18925867974758148
1742.382783651352 0.2116282731294632
1749.186616897583 0.23876142501831055
1784.5842006206512 0.1867716908454895
1793.4915034770966 0.1749286949634552
1800.0904793739319 0.1960633397102356
1806.7347044944763 0.19983777403831482
1813.4412682056427 0.19332662224769592
1820.1082201004028 0.1726396381855011
1826.7328462600708 0.17562364041805267
1833.358306646347 0.206426739692688
1840.1835453510284 0.18383774161338806
1847.0235512256622 0.20446306467056274
1853.8531286716461 0.24018380045890808
1888.9179003238678 0.1775457262992859
1898.5153348445892 0.1905793398618698
1905.7485659122467 0.1972327083349228
1913.066644191742 0.2006014585494995
1920.3797159194946 0.17918969690799713
1927.7275927066803 0.1926201581954956
1935.0820167064667 0.1795729696750641
1942.6671240329742 0.1734342724084854
1950.179365158081 0.163812518119812
1989.3849501609802 0.22726285457611084
1998.939698457718 0.18508973717689514
2006.2139840126038 0.18443086743354797
2013.5200035572052 0.18393507599830627
2020.8225276470184 0.17245210707187653
2028.054206609726 0.2186966836452484
2035.4278995990753 0.17519611120224
2042.815054655075 0.17090097069740295
2050.2500932216644 0.18760009109973907
2090.1726450920105 0.20576956868171692
2099.758002281189 0.1725948005914688
2107.1524665355682 0.17911463975906372
2114.5849947929382 0.1788393259048462
2121.986949443817 0.17168428003787994
2129.4712274074554 0.1787407249212265
2136.8936405181885 0.16374285519123077
2144.4360675811768 0.1977255940437317
2151.90478014946 0.1674550622701645
2190.6937477588654 0.20807215571403503
2200.2322816848755 0.19191643595695496
2207.616360425949 0.16574735939502716
2214.87335729599 0.16218781471252441
2222.224990129471 0.14427721500396729
2229.5645518302917 0.18854831159114838
2236.859212398529 0.17508834600448608
2244.1806676387787 0.15564262866973877
2251.7236704826355 0.19468048214912415
2290.6172816753387 0.14280332624912262
2300.490209579468 0.18746615946292877
2307.755122423172 0.1767372041940689
2314.991238594055 0.17575134336948395
2322.2068638801575 0.15746290981769562
2329.551877260208 0.16600923240184784
2336.9063119888306 0.14811746776103973
2344.1666944026947 0.15241782367229462
2351.517830848694 0.2070387899875641
2390.8746552467346 0.1877366304397583
2400.5144119262695 0.14714157581329346
2407.7922620773315 0.18993255496025085
2415.0355186462402 0.16415032744407654
2422.3416941165924 0.15966472029685974
2429.606292486191 0.14899533987045288
2436.8875250816345 0.161001056432724
2444.3131296634674 0.1487613320350647
2451.7918286323547 0.17343805730342865
