13.97638487815857 0.125
20.360475063323975 0.171875
25.124162673950195 0.203125
29.793058395385742 0.21875
34.470253705978394 0.234375
39.153836727142334 0.2473958283662796
43.844897985458374 0.2790178656578064
48.50563311576843 0.296875
53.16219401359558 0.3125
57.80014395713806 0.328125
62.48087024688721 0.34375
67.13678741455078 0.359375
71.76165270805359 0.37620192766189575
76.4186179637909 0.3928571343421936
81.08647131919861 0.4114583432674408
85.72864699363708 0.427734375
90.30092358589172 0.44025734066963196
94.99611902236938 0.4557291567325592
99.64447784423828 0.4728618562221527
104.24039268493652 0.4859375059604645
128.50732803344727 0.8125
134.83525681495667 0.796875
139.5390613079071 0.7864583134651184
144.18104243278503 0.7890625
148.81602668762207 0.7906249761581421
153.4411425590515 0.8020833134651184
158.04873418807983 0.8080357313156128
162.72009921073914 0.8046875
167.31463050842285 0.8003472089767456
171.90118980407715 0.8062499761581421
176.5316777229309 0.8053977489471436
181.18222641944885 0.80859375
185.80938005447388 0.8125
190.43936395645142 0.8147321343421936
195.08449482917786 0.8218749761581421
199.6921730041504 0.826171875
204.30722284317017 0.8244485259056091
208.90365362167358 0.8255208134651184
213.51519989967346 0.828125
218.06769013404846 0.8304687738418579
242.22132396697998 0.890625
248.60407137870789 0.859375
253.33981370925903 0.8333333134651184
258.068736076355 0.82421875
262.8221344947815 0.8343750238418579
267.5629549026489 0.84375
272.24725794792175 0.8370535969734192
276.9265742301941 0.84375
281.6233723163605 0.8385416865348816
286.24644660949707 0.839062511920929
290.9615659713745 0.8352272510528564
295.7121784687042 0.8359375
300.3465852737427 0.8401442170143127
304.9676673412323 0.8426339030265808
309.6702709197998 0.8510416746139526
314.3687934875488 0.8544921875
319.0221257209778 0.8547794222831726
323.6945753097534 0.8576388955116272
328.4268436431885 0.8626644611358643
333.14733362197876 0.86328125
357.3678500652313 0.921875
363.8588397502899 0.875
368.5352668762207 0.8697916865348816
373.2199990749359 0.87109375
377.8615155220032 0.878125011920929
382.48030948638916 0.8880208134651184
387.1261432170868 0.8928571343421936
391.74176025390625 0.89453125
396.38765263557434 0.8819444179534912
401.03719830513 0.8828125
405.6114082336426 0.8792613744735718
410.2636251449585 0.8776041865348816
414.90719199180603 0.8786057829856873
419.5642774105072 0.8816964030265808
424.2414381504059 0.8864583373069763
428.8753147125244 0.8876953125
433.5775349140167 0.8869485259056091
438.23909091949463 0.8862847089767456
442.95747327804565 0.8898026347160339
447.6054573059082 0.890625
472.111944437027 0.90625
478.5599386692047 0.859375
483.39627623558044 0.859375
488.188747882843 0.8671875
493.0669903755188 0.875
497.82701230049133 0.8802083134651184
502.5290653705597 0.8861607313156128
507.2553679943085 0.890625
512.0050985813141 0.890625
516.7079477310181 0.887499988079071
521.4099440574646 0.8877840638160706
526.0797681808472 0.8932291865348816
530.8909170627594 0.8930288553237915
535.6105008125305 0.890625
540.3166766166687 0.893750011920929
545.0670731067657 0.8935546875
549.8485815525055 0.8915441036224365
554.5179734230042 0.8940972089767456
559.2707302570343 0.8947368264198303
563.9735007286072 0.895312488079071
588.1277253627777 0.9375
594.5326054096222 0.90625
599.2372479438782 0.9114583134651184
603.919676065445 0.89453125
608.6020512580872 0.8999999761581421
613.2490298748016 0.9010416865348816
617.8262467384338 0.9040178656578064
622.4544069766998 0.90625
627.1408541202545 0.90625
631.8199372291565 0.9078124761581421
636.3762605190277 0.9048295617103577
641.0270204544067 0.9010416865348816
645.7013781070709 0.901442289352417
650.4187021255493 0.9006696343421936
655.0473854541779 0.90625
659.7043552398682 0.908203125
664.3624317646027 0.9034926295280457
668.9839129447937 0.90625
673.6351733207703 0.9070723652839661
678.2609970569611 0.9085937738418579
702.7215268611908 0.921875
709.128201007843 0.875
713.8728394508362 0.875
718.6066701412201 0.875
723.3460819721222 0.887499988079071
728.0724503993988 0.8932291865348816
732.7706251144409 0.9017857313156128
737.4213824272156 0.90234375
742.13365650177 0.9027777910232544
746.7806718349457 0.909375011920929
751.5043902397156 0.90625
756.1590490341187 0.91015625
760.8800563812256 0.9074519276618958
765.4539012908936 0.9051339030265808
770.1131064891815 0.903124988079071
774.7568960189819 0.90625
779.4231519699097 0.90625
784.0654828548431 0.9071180820465088
788.6775703430176 0.9087170958518982
793.3805975914001 0.910937488079071
818.6717426776886 0.9375
825.2163896560669 0.921875
829.988582611084 0.9166666865348816
834.7370376586914 0.8984375
839.4753611087799 0.8999999761581421
844.2004129886627 0.9088541865348816
848.9252064228058 0.9107142686843872
853.6259417533875 0.91796875
858.2879745960236 0.9114583134651184
862.9891533851624 0.9125000238418579
867.631115436554 0.9119318127632141
872.2932615280151 0.9153645634651184
877.0315272808075 0.9146634340286255
881.721691608429 0.9118303656578064
886.3855957984924 0.9125000238418579
890.9883458614349 0.9140625
895.651394367218 0.9117646813392639
900.245187997818 0.9114583134651184
904.928751707077 0.9152960777282715
909.5623729228973 0.9156249761581421
933.4977068901062 0.953125
939.8756363391876 0.921875
944.5738463401794 0.90625
949.2641124725342 0.90234375
953.9604735374451 0.9125000238418579
958.6142821311951 0.9192708134651184
963.227481842041 0.9196428656578064
967.963625907898 0.919921875
972.618860244751 0.9114583134651184
977.2850370407104 0.910937488079071
981.9879870414734 0.9048295617103577
986.6360342502594 0.91015625
991.3052606582642 0.9122596383094788
995.9761843681335 0.9107142686843872
1000.6113042831421 0.9083333611488342
1005.2498295307159 0.91015625
1009.8786296844482 0.9108455777168274
1014.5292043685913 0.9123263955116272
1019.1540288925171 0.9136512875556946
1023.8048865795135 0.9156249761581421
1049.0524985790253 0.8984375
1057.1530966758728 0.91796875
1063.5958573818207 0.9296875
1070.2284879684448 0.94140625
1076.736605167389 0.942187488079071
1083.3581416606903 0.9466145634651184
1089.9877395629883 0.9520089030265808
1096.565905570984 0.953125
1103.2400522232056 0.9539930820465088
1109.9718081951141 0.957812488079071
1137.1227447986603 0.984375
1145.2173292636871 0.9765625
1151.6754367351532 0.9791666865348816
1158.148413181305 0.982421875
1164.7013759613037 0.981249988079071
1171.2490153312683 0.9817708134651184
1177.8639035224915 0.984375
1184.6406016349792 0.9853515625
1191.2314717769623 0.9852430820465088
1197.9608676433563 0.985156238079071
1225.2067255973816 1.0
1233.3691275119781 1.0
1239.7506716251373 0.9921875
1246.191630601883 0.9921875
1252.6289675235748 0.9906250238418579
1259.154081106186 0.98828125
1265.7392175197601 0.9888392686843872
1272.4067840576172 0.9892578125
1279.0186069011688 0.9887152910232544
1285.6618785858154 0.9898437261581421
1312.5197138786316 1.0
1320.7122123241425 1.0
1327.2387056350708 1.0
1333.7177243232727 1.0
1340.3059523105621 0.9937499761581421
1347.0133924484253 0.9921875
1353.6577515602112 0.9933035969734192
1360.261804819107 0.9921875
1366.8839619159698 0.9904513955116272
1373.5866343975067 0.991406261920929
1400.1389951705933 1.0
1411.959349155426 1.0
1422.0721142292023 1.0
1432.3762094974518 1.0
1442.788429260254 0.9984375238418579
1474.0534734725952 0.99609375
1485.9082856178284 0.998046875
1495.9563982486725 0.9986979365348816
1506.3443610668182 0.9970703125
1516.660540819168 0.996874988079071
1547.7814409732819 1.0
1559.3189270496368 1.0
1569.3412854671478 1.0
1579.498557806015 1.0
1589.7414479255676 0.999218761920929
1621.1043248176575 1.0
1632.828741312027 1.0
1642.9782147407532 1.0
1653.2698934078217 1.0
1663.6997168064117 1.0
1694.941578388214 1.0
1706.8086640834808 1.0
1716.9258353710175 1.0
1727.275238752365 1.0
1737.5701687335968 1.0
1769.2808928489685 0.99609375
