13.97638487815857 3.6578176021575928
20.360475063323975 4.103433609008789
25.124162673950195 3.950775146484375
29.793058395385742 3.661835193634033
34.470253705978394 3.3957691192626953
39.153836727142334 3.204622745513916
43.844897985458374 2.819183349609375
48.50563311576843 2.825012683868408
53.16219401359558 2.721344470977783
57.80014395713806 2.5410966873168945
62.48087024688721 2.281134605407715
67.13678741455078 2.3841099739074707
71.76165270805359 1.9770976305007935
76.4186179637909 1.8897984027862549
81.08647131919861 1.5231120586395264
85.72864699363708 1.5252774953842163
90.30092358589172 1.7481054067611694
94.99611902236938 1.4646704196929932
99.64447784423828 1.334407091140747
104.24039268493652 1.3838064670562744
128.50732803344727 1.1435661315917969
134.83525681495667 1.173853874206543
139.5390613079071 1.1084293127059937
144.18104243278503 1.1695159673690796
148.81602668762207 0.9477205276489258
153.4411425590515 1.0366158485412598
158.04873418807983 0.9575680494308472
162.72009921073914 0.9639667868614197
167.31463050842285 1.1862077713012695
171.90118980407715 0.8454450964927673
176.5316777229309 1.0206354856491089
181.18222641944885 0.839512825012207
185.80938005447388 0.9155223369598389
190.43936395645142 0.7460235357284546
195.08449482917786 0.6090912818908691
199.6921730041504 0.6461472511291504
204.30722284317017 0.8527705073356628
208.90365362167358 0.7596936225891113
213.51519989967346 0.6896406412124634
218.06769013404846 0.7316669225692749
242.22132396697998 0.6808778643608093
248.60407137870789 0.8078992366790771
253.33981370925903 0.9285893440246582
258.068736076355 0.8771764039993286
262.8221344947815 0.6274979114532471
267.5629549026489 0.688128650188446
272.24725794792175 0.7620767951011658
276.9265742301941 0.6316040754318237
281.6233723163605 0.99717777967453
286.24644660949707 0.7012121677398682
290.9615659713745 0.8787358403205872
295.7121784687042 0.6700088977813721
300.3465852737427 0.6184998154640198
304.9676673412323 0.6801474690437317
309.6702709197998 0.462345689535141
314.3687934875488 0.5706223249435425
319.0221257209778 0.6717596054077148
323.6945753097534 0.6629585027694702
328.4268436431885 0.5387469530105591
333.14733362197876 0.7172011137008667
357.3678500652313 0.6397267580032349
363.8588397502899 0.8416278958320618
368.5352668762207 0.6175869703292847
373.2199990749359 0.8088391423225403
377.8615155220032 0.654929518699646
382.48030948638916 0.5754148960113525
387.1261432170868 0.6026531457901001
391.74176025390625 0.6205118894577026
396.38765263557434 0.9189893007278442
401.03719830513 0.6803553104400635
405.6114082336426 0.6868788003921509
410.2636251449585 0.699219822883606
414.90719199180603 0.5891011953353882
419.5642774105072 0.6357483863830566
424.2414381504059 0.4749612510204315
428.8753147125244 0.577907919883728
433.5775349140167 0.6679655313491821
438.23909091949463 0.6832629442214966
442.95747327804565 0.5043305158615112
447.6054573059082 0.7012042999267578
472.111944437027 0.5840514302253723
478.5599386692047 0.7689429521560669
483.39627623558044 0.6575103998184204
488.188747882843 0.6061238050460815
493.0669903755188 0.6163585186004639
497.82701230049133 0.6109880208969116
502.5290653705597 0.5480880737304688
507.2553679943085 0.5888447761535645
512.0050985813141 0.7317302227020264
516.7079477310181 0.762057900428772
521.4099440574646 0.5778470635414124
526.0797681808472 0.5268454551696777
530.8909170627594 0.5685073137283325
535.6105008125305 0.7243161201477051
540.3166766166687 0.47158724069595337
545.0670731067657 0.5975136756896973
549.8485815525055 0.6544592380523682
554.5179734230042 0.522639274597168
559.2707302570343 0.5136843919754028
563.9735007286072 0.5898066759109497
588.1277253627777 0.5184965133666992
594.5326054096222 0.656370997428894
599.2372479438782 0.5958364605903625
603.919676065445 0.679276704788208
608.6020512580872 0.5422133803367615
613.2490298748016 0.5963534712791443
617.8262467384338 0.5113016366958618
622.4544069766998 0.6199604272842407
627.1408541202545 0.755551278591156
631.8199372291565 0.5858731865882874
636.3762605190277 0.7324351072311401
641.0270204544067 0.5654944777488708
645.7013781070709 0.6103622317314148
650.4187021255493 0.5956317186355591
655.0473854541779 0.4693828821182251
659.7043552398682 0.5737735033035278
664.3624317646027 0.7309663891792297
668.9839129447937 0.5025173425674438
673.6351733207703 0.5222128629684448
678.2609970569611 0.5626739263534546
702.7215268611908 0.571892261505127
709.128201007843 0.8040297031402588
713.8728394508362 0.6900256276130676
718.6066701412201 0.7256301641464233
723.3460819721222 0.578324556350708
728.0724503993988 0.6062210202217102
732.7706251144409 0.5076990127563477
737.4213824272156 0.5764952301979065
742.13365650177 0.6976606249809265
746.7806718349457 0.4896186590194702
751.5043902397156 0.6321815848350525
756.1590490341187 0.43842071294784546
760.8800563812256 0.5875207185745239
765.4539012908936 0.5809205770492554
770.1131064891815 0.5736180543899536
774.7568960189819 0.505501389503479
779.4231519699097 0.6314540505409241
784.0654828548431 0.5549737811088562
788.6775703430176 0.5711352229118347
793.3805975914001 0.5524836778640747
818.6717426776886 0.5587074756622314
825.2163896560669 0.7365870475769043
829.988582611084 0.5864253640174866
834.7370376586914 0.635785698890686
839.4753611087799 0.5797288417816162
844.2004129886627 0.5481290817260742
848.9252064228058 0.5346261858940125
853.6259417533875 0.5202949047088623
858.2879745960236 0.8201304078102112
862.9891533851624 0.5799083709716797
867.631115436554 0.6727355718612671
872.2932615280151 0.515954315662384
877.0315272808075 0.5976588129997253
881.721691608429 0.695181131362915
886.3855957984924 0.5197914838790894
890.9883458614349 0.4869396686553955
895.651394367218 0.7024035453796387
900.245187997818 0.6138697862625122
904.928751707077 0.45018306374549866
909.5623729228973 0.5538142919540405
933.4977068901062 0.5224358439445496
939.8756363391876 0.5854185819625854
944.5738463401794 0.6924686431884766
949.2641124725342 0.7051976919174194
953.9604735374451 0.5771660208702087
958.6142821311951 0.49668431282043457
963.227481842041 0.6219632625579834
967.963625907898 0.5462775826454163
972.618860244751 0.7921009659767151
977.2850370407104 0.6277270317077637
981.9879870414734 0.7891850471496582
986.6360342502594 0.5071665644645691
991.3052606582642 0.5780518054962158
995.9761843681335 0.6476938724517822
1000.6113042831421 0.6229449510574341
1005.2498295307159 0.5168933868408203
1009.8786296844482 0.5740659832954407
1014.5292043685913 0.5768792033195496
1019.1540288925171 0.5487373471260071
1023.8048865795135 0.5066797733306885
1049.0524985790253 0.6024439334869385
1057.1530966758728 0.49976566433906555
1063.5958573818207 0.4598000943660736
1070.2284879684448 0.4364575743675232
1076.736605167389 0.5098485946655273
1083.3581416606903 0.41130852699279785
1089.9877395629883 0.3695839047431946
1096.565905570984 0.41612017154693604
1103.2400522232056 0.4464961588382721
1109.9718081951141 0.34584009647369385
1137.1227447986603 0.3411054015159607
1145.2173292636871 0.43284380435943604
1151.6754367351532 0.3578227460384369
1158.148413181305 0.3455546498298645
1164.7013759613037 0.4077606201171875
1171.2490153312683 0.33937591314315796
1177.8639035224915 0.3205474615097046
1184.6406016349792 0.32985949516296387
1191.2314717769623 0.341234028339386
1197.9608676433563 0.3231804668903351
1225.2067255973816 0.3031112849712372
1233.3691275119781 0.3142821192741394
1239.7506716251373 0.33452942967414856
1246.191630601883 0.321559339761734
1252.6289675235748 0.35911816358566284
1259.154081106186 0.3226109445095062
1265.7392175197601 0.30420777201652527
1272.4067840576172 0.3026893734931946
1279.0186069011688 0.32526397705078125
1285.6618785858154 0.29383447766304016
1312.5197138786316 0.28205958008766174
1320.7122123241425 0.28593990206718445
1327.2387056350708 0.2783125042915344
1333.7177243232727 0.2841891944408417
1340.3059523105621 0.3212323784828186
1347.0133924484253 0.3040238618850708
1353.6577515602112 0.2744867503643036
1360.261804819107 0.28695157170295715
1366.8839619159698 0.31948918104171753
1373.5866343975067 0.2650468945503235
1400.1389951705933 0.26732170581817627
1411.959349155426 0.266053169965744
1422.0721142292023 0.26381781697273254
1432.3762094974518 0.26146724820137024
1442.788429260254 0.2649450898170471
1474.0534734725952 0.2554512917995453
1485.9082856178284 0.2503623962402344
1495.9563982486725 0.2534411549568176
1506.3443610668182 0.2611640691757202
1516.660540819168 0.25347939133644104
1547.7814409732819 0.24701811373233795
1559.3189270496368 0.2437659054994583
1569.3412854671478 0.24115939438343048
1579.498557806015 0.24091492593288422
1589.7414479255676 0.23850315809249878
1621.1043248176575 0.23570379614830017
1632.828741312027 0.2308042049407959
1642.9782147407532 0.23443695902824402
1653.2698934078217 0.2290055900812149
1663.6997168064117 0.22775666415691376
1694.941578388214 0.2262496054172516
1706.8086640834808 0.22377488017082214
1716.9258353710175 0.22224245965480804
1727.275238752365 0.22165797650814056
1737.5701687335968 0.21805806457996368
1769.2808928489685 0.22290852665901184
