14.948160886764526 0.0986328125
47.205942153930664 0.14697265625
75.79140329360962 0.201171875
107.9954662322998 0.23583984375
136.2167136669159 0.3115234375
168.70886516571045 0.36279296875
196.87651014328003 0.3623046875
230.2884078025818 0.4501953125
258.8007073402405 0.51953125
292.0654728412628 0.60205078125
320.0218753814697 0.6591796875
352.549831867218 0.71728515625
380.8859281539917 0.732421875
413.59049797058105 0.77587890625
441.9300034046173 0.7255859375
476.37051463127136 0.78564453125
505.17544317245483 0.8173828125
539.9164824485779 0.8369140625
569.4038593769073 0.7802734375
603.8954372406006 0.8369140625
632.939858675003 0.8173828125
667.6704716682434 0.8486328125
697.0270926952362 0.8642578125
731.6514928340912 0.876953125
760.9583597183228 0.8603515625
795.3865497112274 0.88330078125
824.2161726951599 0.8779296875
859.2733850479126 0.89501953125
887.4959304332733 0.8857421875
921.7475898265839 0.90283203125
950.8811929225922 0.8857421875
985.206832408905 0.908203125
1013.7348341941833 0.8779296875
1046.9321932792664 0.90576171875
1075.9365849494934 0.8701171875
1110.3780369758606 0.90283203125
1139.857123374939 0.8720703125
1173.4740180969238 0.90625
1202.5745368003845 0.892578125
1236.8731653690338 0.91552734375
