14.948160886764526 6.655577182769775
47.205942153930664 8.720695495605469
75.79140329360962 8.223350524902344
107.9954662322998 6.3151702880859375
136.2167136669159 5.99497652053833
168.70886516571045 4.593865871429443
196.87651014328003 4.557340145111084
230.2884078025818 3.327657699584961
258.8007073402405 3.319448471069336
292.0654728412628 2.3106400966644287
320.0218753814697 2.317594528198242
352.549831867218 1.663138508796692
380.8859281539917 1.7211253643035889
413.59049797058105 1.2622612714767456
441.9300034046173 1.4685938358306885
476.37051463127136 0.9837316870689392
505.17544317245483 1.0937154293060303
539.9164824485779 0.8114814758300781
569.4038593769073 1.0368919372558594
603.8954372406006 0.6995095014572144
632.939858675003 0.8590466380119324
667.6704716682434 0.6291309595108032
697.0270926952362 0.7215366959571838
731.6514928340912 0.5768426060676575
760.9583597183228 0.6671748161315918
795.3865497112274 0.5207465291023254
824.2161726951599 0.6166155338287354
859.2733850479126 0.4801749885082245
887.4959304332733 0.5904618501663208
921.7475898265839 0.45593535900115967
950.8811929225922 0.6146643161773682
985.206832408905 0.441392183303833
1013.7348341941833 0.5783073902130127
1046.9321932792664 0.44328194856643677
1075.9365849494934 0.6076799631118774
1110.3780369758606 0.42861485481262207
1139.857123374939 0.5882148742675781
1173.4740180969238 0.40920257568359375
1202.5745368003845 0.5492233633995056
1236.8731653690338 0.4013943076133728
