13.601096630096436 0.09375
19.686829805374146 0.21875
24.127527475357056 0.28125
28.537734508514404 0.3203125
32.909366607666016 0.3499999940395355
37.2921359539032 0.375
41.68623447418213 0.3883928656578064
46.07677507400513 0.41015625
50.43459177017212 0.4409722089767456
54.80575728416443 0.4593749940395355
59.1444616317749 0.46875
63.50130534172058 0.4895833432674408
67.85892105102539 0.5024038553237915
72.15077018737793 0.5178571343421936
76.495272397995 0.5395833253860474
80.77943110466003 0.55078125
85.03205847740173 0.5625
89.31926012039185 0.5711805820465088
93.54540944099426 0.5822368264198303
97.84671187400818 0.5843750238418579
102.11457014083862 0.5892857313156128
106.39361333847046 0.5965909361839294
110.6746735572815 0.604619562625885
114.91837906837463 0.6067708134651184
119.15258026123047 0.6112499833106995
123.41291809082031 0.620192289352417
127.62731575965881 0.6238425970077515
131.8997220993042 0.6339285969734192
136.09849095344543 0.6411637663841248
140.3428807258606 0.6447916626930237
144.65567111968994 0.6552419066429138
148.90989303588867 0.6630859375
153.1516134738922 0.6666666865348816
157.41167330741882 0.6727941036224365
161.63042378425598 0.6776785850524902
165.89145064353943 0.6805555820465088
170.16467452049255 0.6832770109176636
174.49052238464355 0.6883223652839661
178.69876074790955 0.692307710647583
182.92885971069336 0.6937500238418579
216.15573167800903 0.9375
222.15402579307556 0.90625
226.55430603027344 0.8958333134651184
230.9735894203186 0.8828125
235.3928940296173 0.8500000238418579
239.81586742401123 0.8489583134651184
244.25617122650146 0.8348214030265808
248.65406227111816 0.8359375
253.08763074874878 0.8402777910232544
257.4997625350952 0.8374999761581421
261.906711101532 0.8295454382896423
266.2961905002594 0.828125
270.64568519592285 0.8293269276618958
275.04957342147827 0.8325892686843872
279.45443511009216 0.8354166746139526
283.8268394470215 0.8359375
288.26460886001587 0.8382353186607361
292.5671272277832 0.8402777910232544
296.9128043651581 0.8404605388641357
301.3038172721863 0.8453124761581421
305.64509320259094 0.8452380895614624
310.0098760128021 0.8480113744735718
314.3526306152344 0.8464673757553101
318.7419333457947 0.84375
323.1070055961609 0.84375
327.48414182662964 0.8461538553237915
331.8400435447693 0.8449074029922485
336.17497277259827 0.8493303656578064
340.5435402393341 0.8491379022598267
344.84178256988525 0.8500000238418579
349.15746307373047 0.8528226017951965
353.44825649261475 0.8544921875
357.7445316314697 0.8570075631141663
362.0603425502777 0.859375
366.40270376205444 0.8598214387893677
370.71773195266724 0.859375
375.06395983695984 0.8614864945411682
379.33650279045105 0.8634868264198303
383.66998505592346 0.8661859035491943
387.97073888778687 0.8648437261581421
420.59640622138977 1.0
426.6322994232178 0.953125
431.0440375804901 0.9166666865348816
435.4469437599182 0.8828125
439.91924238204956 0.8687499761581421
444.3224849700928 0.875
448.73735332489014 0.8571428656578064
453.1102981567383 0.85546875
457.51233315467834 0.8576388955116272
461.89851117134094 0.862500011920929
466.278844833374 0.8664772510528564
470.6435036659241 0.8619791865348816
475.0295202732086 0.8653846383094788
479.4504725933075 0.8705357313156128
483.91023445129395 0.8729166388511658
488.2913866043091 0.875
492.68215250968933 0.8786764740943909
497.10955357551575 0.8802083134651184
501.4847102165222 0.8799341917037964
505.8718309402466 0.8843749761581421
510.2081308364868 0.886904776096344
514.6130411624908 0.8920454382896423
518.9931530952454 0.895380437374115
523.3762514591217 0.8958333134651184
527.7575578689575 0.8974999785423279
532.1134617328644 0.8978365659713745
536.4815194606781 0.9004629850387573
540.8354609012604 0.9029017686843872
545.186517238617 0.9040948152542114
549.5368323326111 0.9052083492279053
553.8452541828156 0.90625
558.1548748016357 0.908203125
562.4537491798401 0.9090909361839294
566.8032877445221 0.908088207244873
571.1289274692535 0.9080356955528259
575.4409823417664 0.9088541865348816
579.7613153457642 0.9104729890823364
584.0661642551422 0.9128289222717285
588.3534500598907 0.9142628312110901
592.6340284347534 0.9140625
624.91308760643 0.96875
630.8843245506287 0.921875
635.2827234268188 0.9270833134651184
639.6951389312744 0.921875
644.1265122890472 0.8999999761581421
648.5706253051758 0.90625
653.0433356761932 0.8839285969734192
657.4421076774597 0.890625
661.8612122535706 0.8958333134651184
666.3120985031128 0.893750011920929
670.7062845230103 0.8948863744735718
675.0728857517242 0.8854166865348816
679.4746193885803 0.8918269276618958
683.8894040584564 0.8950892686843872
688.3009650707245 0.8958333134651184
692.6965539455414 0.896484375
697.0798907279968 0.8988970518112183
701.4460272789001 0.8975694179534912
705.8669466972351 0.8980262875556946
710.3248636722565 0.901562511920929
714.6636347770691 0.9017857313156128
719.0530314445496 0.9048295617103577
723.3861212730408 0.90625
727.7104709148407 0.9088541865348816
732.075926065445 0.9112499952316284
736.4055497646332 0.9122596383094788
740.7361524105072 0.9131944179534912
745.0199499130249 0.9140625
749.330080986023 0.9159482717514038
753.6894776821136 0.9166666865348816
758.0593430995941 0.9193548560142517
762.3818731307983 0.921875
766.7282028198242 0.9223484992980957
771.0415804386139 0.9227941036224365
775.3619396686554 0.9232142567634583
779.6743097305298 0.921875
784.0017242431641 0.9206081032752991
788.331654548645 0.921875
792.6303057670593 0.9230769276618958
796.9097301959991 0.922656238079071
829.7146646976471 0.96875
835.7101368904114 0.9375
840.1494419574738 0.9166666865348816
844.6188049316406 0.921875
849.0290441513062 0.9125000238418579
853.3865320682526 0.9270833134651184
857.7361679077148 0.9151785969734192
862.1085104942322 0.921875
866.4883682727814 0.9270833134651184
870.8265686035156 0.934374988079071
875.2283728122711 0.9289772510528564
879.5795512199402 0.9296875
883.9389884471893 0.9278846383094788
888.2820963859558 0.9308035969734192
892.589581489563 0.9312499761581421
896.930641412735 0.927734375
901.2657694816589 0.9301470518112183
905.6408023834229 0.9305555820465088
909.9405446052551 0.9325658082962036
914.2833943367004 0.9312499761581421
918.6619966030121 0.9285714030265808
922.9591059684753 0.9303977489471436
927.3163447380066 0.9307065010070801
931.6130113601685 0.9296875
935.923966884613 0.9312499761581421
940.3016247749329 0.9302884340286255
944.6080493927002 0.9317129850387573
948.9206795692444 0.9341517686843872
953.2448558807373 0.9342672228813171
957.5197069644928 0.9333333373069763
961.8094999790192 0.9354838728904724
966.1538138389587 0.935546875
970.508180141449 0.935606062412262
974.8930957317352 0.935661792755127
979.2017755508423 0.9348214268684387
983.45982837677 0.9348958134651184
987.7414872646332 0.9349662065505981
992.0485007762909 0.9350329041481018
996.3383948802948 0.9350961446762085
1000.6295104026794 0.9359375238418579
1033.3287897109985 1.0
1039.2990794181824 0.953125
1043.786791086197 0.9270833134651184
1048.1954708099365 0.9375
1052.6251924037933 0.9437500238418579
1057.0950932502747 0.9479166865348816
1061.5787453651428 0.9419642686843872
1066.0311796665192 0.94140625
1070.545842885971 0.9409722089767456
1074.9995596408844 0.9468749761581421
1079.4107782840729 0.9460227489471436
1083.7917745113373 0.9453125
1088.2042334079742 0.9375
1092.6217992305756 0.9419642686843872
1097.0938501358032 0.9416666626930237
1101.4705502986908 0.9375
1105.854709148407 0.9375
1110.2350206375122 0.9392361044883728
1114.6307458877563 0.9407894611358643
1119.0337562561035 0.942187488079071
1123.4403524398804 0.9419642686843872
1127.872882604599 0.9431818127632141
1132.2418584823608 0.945652186870575
1136.6607842445374 0.9453125
1141.061033964157 0.9462500214576721
1145.45400929451 0.9459134340286255
1149.775710105896 0.9456018805503845
1154.1092159748077 0.9453125
1158.4894094467163 0.9471982717514038
1162.8592338562012 0.9458333253860474
1167.242752790451 0.9465726017951965
1171.6083269119263 0.9462890625
1175.9540047645569 0.9479166865348816
1180.2822980880737 0.9466911554336548
1184.6346020698547 0.9482142925262451
1188.9642596244812 0.9461805820465088
1193.2826142311096 0.9459459185600281
1197.5960507392883 0.9457237124443054
1201.9265699386597 0.9463140964508057
1206.2760918140411 0.9453125
1239.4004817008972 0.9375
1245.3599309921265 0.9375
1249.7956144809723 0.9375
1254.2014417648315 0.9296875
1258.5728330612183 0.918749988079071
1262.909916639328 0.9270833134651184
1267.3096508979797 0.9330357313156128
1271.6627883911133 0.9375
1276.0527575016022 0.9444444179534912
1280.439349412918 0.9437500238418579
1284.757108926773 0.9488636255264282
1289.0540716648102 0.9453125
1293.3880984783173 0.9447115659713745
1297.733192205429 0.9486607313156128
1302.0238797664642 0.9479166865348816
1306.3275892734528 0.9453125
1310.6282045841217 0.9466911554336548
1314.9882137775421 0.9461805820465088
1319.3677558898926 0.9490131735801697
1323.697535276413 0.949999988079071
1327.973613500595 0.9508928656578064
1332.3206057548523 0.9502840638160706
1336.7126936912537 0.94972825050354
1341.0154776573181 0.9466145634651184
1345.3464725017548 0.9474999904632568
1349.6505773067474 0.9459134340286255
1353.9377665519714 0.9467592835426331
1358.2296271324158 0.9464285969734192
1362.4948737621307 0.9461206793785095
1366.779081106186 0.9437500238418579
1371.0083780288696 0.9455645084381104
1375.3565561771393 0.9453125
1379.6437721252441 0.9450757503509521
1383.9374759197235 0.9457720518112183
1388.2438230514526 0.9455357193946838
1392.5273656845093 0.9427083134651184
1396.7995278835297 0.9425675868988037
1401.112556219101 0.9416118264198303
1405.3646068572998 0.942307710647583
1409.6663110256195 0.942187488079071
1442.6574857234955 1.0
1448.5976870059967 0.984375
1452.998950958252 0.9791666865348816
1457.369734287262 0.9609375
1461.7748029232025 0.956250011920929
1466.1085453033447 0.953125
1470.4523830413818 0.9419642686843872
1474.7954473495483 0.94140625
1479.187093257904 0.9444444179534912
1483.523457288742 0.9468749761581421
1487.8834073543549 0.9488636255264282
1492.254422903061 0.9505208134651184
1496.602249622345 0.9495192170143127
1500.931432723999 0.9508928656578064
1505.2536940574646 0.9479166865348816
1509.5804452896118 0.94921875
1513.957105398178 0.9503676295280457
1518.2608788013458 0.9513888955116272
1522.5657858848572 0.9523026347160339
1526.9224750995636 0.953125
1531.2641761302948 0.9538690447807312
1535.5782220363617 0.9545454382896423
1539.9187245368958 0.9551630616188049
1544.2939157485962 0.9518229365348816
1548.5971503257751 0.9524999856948853
1552.8973698616028 0.9543269276618958
1557.1779730319977 0.9525462985038757
1561.5374820232391 0.9508928656578064
1565.8606898784637 0.9504310488700867
1570.1903727054596 0.9489583373069763
1574.5283424854279 0.9506048560142517
1578.816300868988 0.951171875
1583.1186950206757 0.9517045617103577
1587.3910369873047 0.9522058963775635
1591.6732449531555 0.9526785612106323
1595.9556057453156 0.9496527910232544
1600.2227771282196 0.9501689076423645
1604.5024816989899 0.9514802694320679
1608.8055078983307 0.9519230723381042
1613.0896875858307 0.9507812261581421
1646.5973091125488 1.0
1652.6620647907257 1.0
1657.0053899288177 0.9791666865348816
1661.364109992981 0.96875
1665.7389631271362 0.9624999761581421
1670.0430691242218 0.9635416865348816
1674.386111497879 0.9553571343421936
1678.7106335163116 0.95703125
1683.0459415912628 0.9583333134651184
1687.4527568817139 0.9593750238418579
1691.7478280067444 0.9630681872367859
1696.1345026493073 0.9583333134651184
1700.5059776306152 0.9567307829856873
1704.827247619629 0.9575892686843872
1709.1473472118378 0.956250011920929
1713.4483180046082 0.95703125
1717.7266178131104 0.9595588445663452
1722.058569908142 0.9583333134651184
1726.3611555099487 0.9588815569877625
1730.673532485962 0.9609375
1734.9709544181824 0.9627976417541504
1739.25590467453 0.9602272510528564
1743.5479204654694 0.957880437374115
1747.7838463783264 0.95703125
1752.1202566623688 0.956250011920929
1756.4116659164429 0.9567307829856873
1760.7087104320526 0.9571759104728699
1765.0230164527893 0.9587053656578064
1769.2926020622253 0.9601293206214905
1773.6203844547272 0.9604166746139526
1777.9028017520905 0.961693525314331
1782.2239751815796 0.962890625
1786.5462911128998 0.9611742496490479
1790.7983100414276 0.9613970518112183
1795.0366418361664 0.9624999761581421
1799.262484550476 0.9626736044883728
1803.5158021450043 0.9636824131011963
1807.7760980129242 0.9646381735801697
1812.0593464374542 0.9647436141967773
1816.3583979606628 0.964062511920929
1850.0772335529327 1.0
1856.0892133712769 1.0
1860.4609186649323 0.9895833134651184
1864.8886759281158 0.984375
1869.2590181827545 0.9750000238418579
1873.650093793869 0.96875
1878.0292341709137 0.9642857313156128
1882.4188463687897 0.96484375
1886.8183131217957 0.9652777910232544
1891.196086883545 0.9624999761581421
1895.5051662921906 0.9602272510528564
1899.8246142864227 0.953125
1904.1914999485016 0.9471153616905212
1908.5286264419556 0.9486607313156128
1912.8855476379395 0.9520833492279053
1917.2127912044525 0.953125
1921.5520572662354 0.9558823704719543
1925.8466610908508 0.9548611044883728
1930.1883616447449 0.9572368264198303
1934.5299227237701 0.9546874761581421
1938.849394083023 0.9538690447807312
1943.1562728881836 0.9545454382896423
1947.4371709823608 0.9551630616188049
1951.8164143562317 0.9518229365348816
1956.1252341270447 0.9512500166893005
1960.4143433570862 0.9519230723381042
1964.7266974449158 0.9502314925193787
1969.0009603500366 0.9508928656578064
1973.3168923854828 0.951508641242981
1977.6039555072784 0.949999988079071
1981.907642364502 0.9516128897666931
1986.2084600925446 0.951171875
1990.5733830928802 0.9526515007019043
1994.8805406093597 0.9522058963775635
1999.1218812465668 0.9517857432365417
2003.4112040996552 0.9522569179534912
2007.723389863968 0.9510135054588318
2011.9402029514313 0.9506579041481018
2016.2474303245544 0.9519230723381042
2020.5630066394806 0.952343761920929
2053.6822032928467 1.0
2059.617073059082 0.984375
2064.0467171669006 0.9791666865348816
2068.433001756668 0.984375
2072.7952473163605 0.9750000238418579
2077.134984254837 0.96875
2081.505530357361 0.96875
2085.838541984558 0.97265625
2090.209789276123 0.9722222089767456
2094.5493669509888 0.96875
2098.9254927635193 0.96875
2103.25443482399 0.96875
2107.6232047080994 0.9615384340286255
2111.9665892124176 0.9620535969734192
2116.2886414527893 0.9645833373069763
2120.6573827266693 0.96484375
2125.004742860794 0.9650735259056091
2129.336859226227 0.9670138955116272
2133.6807160377502 0.9671052694320679
2138.0248250961304 0.96875
2142.3633437156677 0.96875
2146.673602581024 0.96875
2150.989688873291 0.9660326242446899
2155.317358493805 0.96484375
2159.637790441513 0.9662500023841858
2163.9933562278748 0.9663461446762085
2168.2698323726654 0.9652777910232544
2172.5810930728912 0.9654017686843872
2176.9389309883118 0.9644396305084229
2181.240284204483 0.9624999761581421
2185.5254232883453 0.9637096524238586
2189.8191661834717 0.96484375
2194.129958152771 0.9649621248245239
2198.431565761566 0.9659926295280457
2202.719959259033 0.9660714268684387
2207.019952058792 0.9670138955116272
2211.3488233089447 0.9670608043670654
2215.686851501465 0.9679276347160339
2219.982943058014 0.9679487347602844
2224.2449564933777 0.967968761920929
2257.3791885375977 0.96875
2263.4547386169434 0.96875
2267.8931653499603 0.9583333134651184
2272.3434886932373 0.953125
2276.737288951874 0.949999988079071
2281.154849767685 0.953125
2285.577885389328 0.9419642686843872
2289.9866440296173 0.94140625
2294.3411355018616 0.9409722089767456
2298.707873106003 0.940625011920929
2303.08326792717 0.9403409361839294
2307.487935066223 0.9401041865348816
2311.865493774414 0.9375
2316.2064020633698 0.9375
2320.582990169525 0.9395833611488342
2324.9578998088837 0.939453125
2329.288671016693 0.9375
2333.611448287964 0.9375
2337.9246361255646 0.9391447305679321
2342.2293252944946 0.940625011920929
2346.5831673145294 0.9419642686843872
2350.882297515869 0.9446022510528564
2355.1610424518585 0.945652186870575
2359.488582611084 0.9440104365348816
2363.801401615143 0.9449999928474426
2368.1260647773743 0.9447115659713745
2372.4504351615906 0.9467592835426331
2376.8175728321075 0.9486607313156128
2381.1177508831024 0.9493534564971924
2385.4628705978394 0.9479166865348816
2389.7892434597015 0.9485887289047241
2394.087861061096 0.9501953125
2398.392333507538 0.9498106241226196
2402.6910309791565 0.951286792755127
2406.94745016098 0.9526785612106323
2411.2168729305267 0.9522569179534912
2415.529989004135 0.9535472989082336
2419.8583710193634 0.9547697305679321
2424.227227449417 0.9543269276618958
2428.5083100795746 0.9554687738418579
2461.8523638248444 1.0
2467.84512758255 0.984375
2472.2860946655273 0.9583333134651184
2476.696642637253 0.9609375
2481.08642745018 0.9624999761581421
2485.470308303833 0.96875
2489.9181406497955 0.9642857313156128
2494.346694946289 0.96484375
2498.7352635860443 0.96875
2503.163988828659 0.9624999761581421
2507.562183380127 0.9659090638160706
2511.9761970043182 0.9661458134651184
2516.323075056076 0.963942289352417
2520.65279173851 0.9665178656578064
2525.027681827545 0.96875
2529.3470437526703 0.970703125
2533.6670274734497 0.9724264740943909
2537.9520139694214 0.9722222089767456
2542.273068189621 0.9703947305679321
2546.577096939087 0.971875011920929
2550.88521194458 0.9732142686843872
2555.18283700943 0.9744318127632141
2559.4605383872986 0.9741848111152649
2563.7382130622864 0.9713541865348816
2568.020119667053 0.9700000286102295
2572.321762561798 0.9699519276618958
2576.6380956172943 0.96875
2580.9144468307495 0.96875
2585.196681022644 0.9698275923728943
2589.483588695526 0.9666666388511658
2593.7824795246124 0.9667338728904724
2598.062004327774 0.966796875
2602.3325877189636 0.9649621248245239
2606.6028759479523 0.9659926295280457
2610.8781480789185 0.9651785492897034
2615.151797056198 0.9644097089767456
2619.4140300750732 0.9645270109176636
2623.7028245925903 0.9638158082962036
2627.97642993927 0.963942289352417
2632.270654439926 0.96484375
2665.1476883888245 0.96875
2671.0924503803253 0.96875
2675.545739173889 0.9583333134651184
2679.9970557689667 0.953125
2684.398188829422 0.949999988079071
2688.7994556427 0.9583333134651184
2693.2035274505615 0.9464285969734192
2697.546883583069 0.953125
2701.9422364234924 0.9548611044883728
2706.3521065711975 0.9593750238418579
2710.6776146888733 0.9630681872367859
2715.0660121440887 0.9583333134651184
2719.3928089141846 0.9543269276618958
2723.7608649730682 0.9575892686843872
2728.168257713318 0.9583333134651184
2732.506831407547 0.95703125
2736.8579499721527 0.9577205777168274
2741.253324985504 0.9600694179534912
2745.694516181946 0.9605262875556946
2750.0714876651764 0.9593750238418579
2754.433986186981 0.9598214030265808
2758.7781059741974 0.9588068127632141
2763.1197192668915 0.95652174949646
2767.4715955257416 0.95703125
2771.864490747452 0.9574999809265137
2776.179321050644 0.9591346383094788
2780.5033535957336 0.9583333134651184
2784.8115582466125 0.9587053656578064
2789.118210554123 0.9601293206214905
2793.435699701309 0.9604166746139526
2797.721642255783 0.961693525314331
2802.0007734298706 0.962890625
2806.2935762405396 0.9640151262283325
2810.5844433307648 0.9641544222831726
2814.8526327610016 0.9633928537368774
2819.1713795661926 0.9626736044883728
2823.408409357071 0.9636824131011963
2827.6655077934265 0.9646381735801697
2831.948658466339 0.9655448794364929
2836.275695323944 0.965624988079071
2868.8382103443146 1.0
2874.9448368549347 0.984375
2879.391586303711 0.9583333134651184
2883.880327939987 0.9609375
2888.357777118683 0.9624999761581421
2892.817104578018 0.96875
2897.272003889084 0.96875
2901.6951401233673 0.97265625
2906.1248590946198 0.9756944179534912
2910.555345058441 0.96875
2914.9466893672943 0.9659090638160706
2919.3603241443634 0.9609375
2923.774354696274 0.9591346383094788
2928.223516702652 0.9620535969734192
2932.6314556598663 0.9624999761581421
2937.016145467758 0.95703125
2941.4544343948364 0.9595588445663452
2945.9023711681366 0.9600694179534912
2950.306691646576 0.9605262875556946
2954.7564573287964 0.9624999761581421
2959.171471595764 0.961309552192688
2963.609699487686 0.9616477489471436
2968.0274279117584 0.9633151888847351
2972.449698448181 0.9635416865348816
2976.873913526535 0.9649999737739563
2981.260975122452 0.963942289352417
2985.635666847229 0.9641203880310059
2990.1049337387085 0.9631696343421936
2994.5309002399445 0.9644396305084229
2998.9306354522705 0.9635416865348816
3003.2885115146637 0.9647177457809448
3007.705771446228 0.96484375
3012.0721249580383 0.9659090638160706
3016.4238328933716 0.9641544222831726
3020.786121368408 0.9651785492897034
3025.1483569145203 0.9652777910232544
3029.522835969925 0.962837815284729
3033.8784906864166 0.9613487124443054
3038.2754967212677 0.9599359035491943
3042.675700902939 0.960156261920929
3076.020797252655 1.0
3082.2005937099457 0.984375
3086.550607442856 0.9895833134651184
3090.928459405899 0.96875
3095.2410864830017 0.9624999761581421
3099.594849586487 0.96875
3103.968610048294 0.9642857313156128
3108.3492028713226 0.96875
3112.698098897934 0.96875
3117.0432093143463 0.971875011920929
3121.381809234619 0.9715909361839294
3125.6781318187714 0.9661458134651184
3130.000488758087 0.96875
3134.2695367336273 0.9665178656578064
3138.6290788650513 0.9666666388511658
3142.923098087311 0.96484375
3147.2627255916595 0.9650735259056091
3151.5818462371826 0.9635416865348816
3155.8190450668335 0.9654605388641357
3160.0569984912872 0.9671875238418579
3164.3667829036713 0.9672619104385376
3168.65358042717 0.96875
3172.9280240535736 0.9660326242446899
3177.2329206466675 0.96484375
3181.509843349457 0.9649999737739563
3185.782943725586 0.9663461446762085
3190.044054746628 0.9675925970077515
3194.355562210083 0.9676339030265808
3198.6141517162323 0.96875
3202.875002861023 0.96875
3207.130968809128 0.9697580933570862
3211.540683746338 0.9697265625
3215.868460893631 0.9696969985961914
3220.1739761829376 0.970588207244873
3224.4635910987854 0.9705356955528259
3228.7392477989197 0.9713541865348816
3233.043651342392 0.9721283912658691
3237.2710325717926 0.9712170958518982
3241.5807814598083 0.9703525900840759
3245.9296293258667 0.9703124761581421
3278.6792154312134 1.0
3284.749662399292 0.984375
3289.2387194633484 0.96875
3293.6907873153687 0.953125
3298.2370131015778 0.949999988079071
3302.7075860500336 0.953125
3307.131533384323 0.9508928656578064
3311.593167066574 0.953125
3316.007636785507 0.9513888955116272
3320.393338918686 0.956250011920929
3324.7762367725372 0.9573863744735718
3329.1527514457703 0.9609375
3333.574876308441 0.9615384340286255
3338.0037949085236 0.9642857313156128
3342.3915088176727 0.9666666388511658
3346.715761423111 0.966796875
3351.1504333019257 0.966911792755127
3355.5603499412537 0.9652777910232544
3359.983171224594 0.9654605388641357
3364.375691175461 0.965624988079071
3368.768252849579 0.9657738208770752
3373.174664735794 0.9659090638160706
3377.5155777931213 0.9660326242446899
3381.8789780139923 0.9661458134651184
3386.281047105789 0.9662500023841858
3390.668902873993 0.9663461446762085
3395.042942047119 0.9664351940155029
3399.4300174713135 0.9676339030265808
3403.7783539295197 0.9676724076271057
3408.1619534492493 0.9645833373069763
3412.585077524185 0.9657257795333862
3416.9009318351746 0.9658203125
3421.2358894348145 0.966856062412262
3425.624449491501 0.966911792755127
3429.94140124321 0.9669643044471741
3434.247313976288 0.9670138955116272
3438.647071838379 0.9670608043670654
3442.993663787842 0.9679276347160339
3447.336206674576 0.96875
3451.661396741867 0.969531238079071
3484.511672258377 1.0
3490.5672590732574 1.0
3495.022456884384 1.0
3499.441183567047 0.9921875
3503.8346943855286 0.9750000238418579
3508.22336101532 0.9635416865348816
3512.679251909256 0.9598214030265808
3517.166473388672 0.9609375
3521.5574231147766 0.9652777910232544
3526.0111334323883 0.965624988079071
3530.4160215854645 0.96875
3534.8562865257263 0.96875
3539.2805438041687 0.96875
3543.7313256263733 0.9709821343421936
3548.174064874649 0.9708333611488342
3552.6082015037537 0.970703125
3557.0226027965546 0.970588207244873
3561.458475112915 0.96875
3565.825025320053 0.9703947305679321
3570.237043619156 0.964062511920929
3574.5944209098816 0.9657738208770752
3578.985787153244 0.9673295617103577
3583.317153453827 0.9660326242446899
3587.699379682541 0.9674479365348816
3592.032094478607 0.96875
3596.415693998337 0.96875
3600.8067638874054 0.9699074029922485
3605.149393558502 0.9698660969734192
3609.504161596298 0.9698275923728943
3613.908636569977 0.96875
3618.289529800415 0.9697580933570862
3622.658947467804 0.9697265625
3627.009044408798 0.9696969985961914
3631.380662202835 0.96875
3635.7491314411163 0.96875
3640.1244127750397 0.96875
3644.517055749893 0.9670608043670654
3648.9196009635925 0.9662829041481018
3653.341338157654 0.9655448794364929
3657.6975128650665 0.965624988079071
3691.3470890522003 0.9375
3697.3767387866974 0.96875
3701.894117116928 0.96875
3706.3620789051056 0.9453125
3710.8396174907684 0.9437500238418579
3715.261197566986 0.953125
3719.6444160938263 0.9553571343421936
3724.0861225128174 0.95703125
3728.5167050361633 0.9583333134651184
3732.9268097877502 0.9593750238418579
3737.3954412937164 0.9630681872367859
3741.846143722534 0.9609375
3746.289566516876 0.963942289352417
3750.688725233078 0.9665178656578064
3755.068738222122 0.96875
3759.539940595627 0.966796875
3763.9326009750366 0.96875
3768.3462097644806 0.96875
3772.769399881363 0.9703947305679321
3777.1588842868805 0.9703124761581421
3781.5384464263916 0.9702380895614624
3785.954807281494 0.9715909361839294
3790.340389728546 0.970108687877655
3794.6857159137726 0.96875
3799.0824415683746 0.96875
3803.4339742660522 0.9699519276618958
3807.806325674057 0.96875
3812.1314356327057 0.96875
3816.4555909633636 0.96875
3820.7852969169617 0.9677083492279053
3825.169630765915 0.96875
3829.52605509758 0.9697265625
3833.873768091202 0.9696969985961914
3838.225532770157 0.96875
3842.584911584854 0.9696428775787354
3846.9024596214294 0.9704861044883728
3851.2697999477386 0.9712837934494019
3855.627082824707 0.9712170958518982
3859.9419379234314 0.9711538553237915
3864.228884458542 0.971875011920929
3897.275539636612 1.0
3903.3753905296326 1.0
3907.843339443207 0.9791666865348816
3912.2808368206024 0.9765625
3916.747275829315 0.9624999761581421
3921.2351360321045 0.9635416865348816
3925.73202252388 0.9598214030265808
3930.190811395645 0.95703125
3934.631937980652 0.9583333134651184
3939.059093475342 0.9624999761581421
3943.481388568878 0.9630681872367859
3947.905332326889 0.9609375
3952.301296710968 0.9591346383094788
3956.67014169693 0.9620535969734192
3961.0381350517273 0.9645833373069763
3965.447772502899 0.962890625
3969.8611283302307 0.9650735259056091
3974.27653837204 0.9670138955116272
3978.65895152092 0.96875
3983.0349609851837 0.9703124761581421
3987.3740293979645 0.9702380895614624
3991.738025665283 0.9715909361839294
3996.1434392929077 0.9728260636329651
4000.5584604740143 0.97265625
4004.8930740356445 0.9725000262260437
4009.262177467346 0.973557710647583
4013.6614031791687 0.9745370149612427
4018.14817237854 0.9743303656578064
4022.5150957107544 0.9730603694915771
4026.912216901779 0.9729166626930237
4031.3334534168243 0.9737903475761414
4035.8536915779114 0.974609375
4040.242428779602 0.9744318127632141
4044.6222884655 0.9742646813392639
4049.0514216423035 0.9732142686843872
4053.480598449707 0.9739583134651184
4057.837774515152 0.9738175868988037
4062.2065103054047 0.9736841917037964
4066.5339980125427 0.9719551205635071
4070.8575818538666 0.97265625
