13.601096630096436 3.6676852703094482
19.686829805374146 2.1236743927001953
24.127527475357056 1.875187873840332
28.537734508514404 1.8555638790130615
32.909366607666016 2.0484259128570557
37.2921359539032 1.7069283723831177
41.68623447418213 1.9633504152297974
46.07677507400513 1.528962254524231
50.43459177017212 1.322662591934204
54.80575728416443 1.3519389629364014
59.1444616317749 1.4780192375183105
63.50130534172058 1.638845682144165
67.85892105102539 1.2390106916427612
72.15077018737793 1.3420326709747314
76.495272397995 0.9724950790405273
80.77943110466003 1.2407047748565674
85.03205847740173 1.1840503215789795
89.31926012039185 1.055736780166626
93.54540944099426 1.1063998937606812
97.84671187400818 1.2695997953414917
102.11457014083862 1.1529390811920166
106.39361333847046 1.0335081815719604
110.6746735572815 0.9237953424453735
114.91837906837463 1.3069552183151245
119.15258026123047 1.1649000644683838
123.41291809082031 0.9288820028305054
127.62731575965881 1.0194628238677979
131.8997220993042 0.7141033411026001
136.09849095344543 0.8282431364059448
140.3428807258606 1.103757381439209
144.65567111968994 0.7166147232055664
148.90989303588867 0.6966408491134644
153.1516134738922 0.8805254697799683
157.41167330741882 0.841179370880127
161.63042378425598 0.9106819033622742
165.89145064353943 1.081067442893982
170.16467452049255 0.7815086841583252
174.49052238464355 0.8684552311897278
178.69876074790955 0.848501443862915
182.92885971069336 1.0324256420135498
216.15573167800903 0.6140244007110596
222.15402579307556 0.7556730508804321
226.55430603027344 0.7585331201553345
230.9735894203186 0.895455002784729
235.3928940296173 1.0992151498794556
239.81586742401123 0.7042145729064941
244.25617122650146 1.0535808801651
248.65406227111816 0.7386047840118408
253.08763074874878 0.7887966632843018
257.4997625350952 0.8235624432563782
261.906711101532 0.7980364561080933
266.2961905002594 0.9403914213180542
270.64568519592285 0.8308696746826172
275.04957342147827 0.8503041863441467
279.45443511009216 0.6206821203231812
283.8268394470215 0.7103492021560669
288.26460886001587 0.7835487723350525
292.5671272277832 0.7468511462211609
296.9128043651581 0.7744216918945312
301.3038172721863 0.6528815031051636
305.64509320259094 0.7436952590942383
310.0098760128021 0.5818476676940918
314.3526306152344 0.6743664741516113
318.7419333457947 0.9919744729995728
323.1070055961609 0.6803710460662842
327.48414182662964 0.592572808265686
331.8400435447693 0.7247143387794495
336.17497277259827 0.5229185819625854
340.5435402393341 0.6920201778411865
344.84178256988525 0.8121362328529358
349.15746307373047 0.4671538770198822
353.44825649261475 0.6410582065582275
357.7445316314697 0.5265362858772278
362.0603425502777 0.49015331268310547
366.40270376205444 0.6580464839935303
370.71773195266724 0.7285665273666382
375.06395983695984 0.6263898015022278
379.33650279045105 0.566662073135376
383.66998505592346 0.45217829942703247
387.97073888778687 0.766521692276001
420.59640622138977 0.3778460621833801
426.6322994232178 0.5338407754898071
431.0440375804901 0.698378324508667
435.4469437599182 0.8441166281700134
439.91924238204956 0.8568897247314453
444.3224849700928 0.487076997756958
448.73735332489014 0.8675721883773804
453.1102981567383 0.6077852249145508
457.51233315467834 0.5798512697219849
461.89851117134094 0.5193333625793457
466.278844833374 0.5771015882492065
470.6435036659241 0.8608964681625366
475.0295202732086 0.6234411001205444
479.4504725933075 0.5390994548797607
483.91023445129395 0.5072946548461914
488.2913866043091 0.4697715640068054
492.68215250968933 0.4470421075820923
497.10955357551575 0.6238092184066772
501.4847102165222 0.6017818450927734
505.8718309402466 0.5108811855316162
510.2081308364868 0.4685352146625519
514.6130411624908 0.40915822982788086
518.9931530952454 0.414502888917923
523.3762514591217 0.6639654636383057
527.7575578689575 0.5773089528083801
532.1134617328644 0.5218018293380737
536.4815194606781 0.4916381537914276
540.8354609012604 0.4349057674407959
545.186517238617 0.5243929624557495
549.5368323326111 0.5074760913848877
553.8452541828156 0.372313916683197
558.1548748016357 0.36805546283721924
562.4537491798401 0.5025906562805176
566.8032877445221 0.5458916425704956
571.1289274692535 0.6033721566200256
575.4409823417664 0.5037833452224731
579.7613153457642 0.5591643452644348
584.0661642551422 0.37563765048980713
588.3534500598907 0.37390047311782837
592.6340284347534 0.49106699228286743
624.91308760643 0.3629670739173889
630.8843245506287 0.5031474828720093
635.2827234268188 0.6353260278701782
639.6951389312744 0.46374091506004333
644.1265122890472 0.8401744365692139
648.5706253051758 0.45185965299606323
653.0433356761932 0.9686717987060547
657.4421076774597 0.39574116468429565
661.8612122535706 0.5294874310493469
666.3120985031128 0.5796329975128174
670.7062845230103 0.4800052046775818
675.0728857517242 0.8103818297386169
679.4746193885803 0.39844784140586853
683.8894040584564 0.3918223977088928
688.3009650707245 0.4853416979312897
692.6965539455414 0.48898187279701233
697.0798907279968 0.48479127883911133
701.4460272789001 0.5287951231002808
705.8669466972351 0.4858645796775818
710.3248636722565 0.43645915389060974
714.6636347770691 0.474153071641922
719.0530314445496 0.38082805275917053
723.3861212730408 0.420737624168396
727.7104709148407 0.48069000244140625
732.075926065445 0.4149880111217499
736.4055497646332 0.49023228883743286
740.7361524105072 0.4506950378417969
745.0199499130249 0.42750445008277893
749.330080986023 0.4744592308998108
753.6894776821136 0.47962549328804016
758.0593430995941 0.33603593707084656
762.3818731307983 0.3578576147556305
766.7282028198242 0.38065433502197266
771.0415804386139 0.4474334716796875
775.3619396686554 0.3969975709915161
779.6743097305298 0.7613657712936401
784.0017242431641 0.5947197675704956
788.331654548645 0.39785003662109375
792.6303057670593 0.40233665704727173
796.9097301959991 0.4802798628807068
829.7146646976471 0.3380129933357239
835.7101368904114 0.5061379671096802
840.1494419574738 0.6252132654190063
844.6188049316406 0.39936137199401855
849.0290441513062 0.525577187538147
853.3865320682526 0.3017624616622925
857.7361679077148 0.5986316800117493
862.1085104942322 0.4298825263977051
866.4883682727814 0.357892781496048
870.8265686035156 0.31978368759155273
875.2283728122711 0.5722792148590088
879.5795512199402 0.723507285118103
883.9389884471893 0.4755227267742157
888.2820963859558 0.37570613622665405
892.589581489563 0.44862887263298035
896.930641412735 0.5862603187561035
901.2657694816589 0.34864503145217896
905.6408023834229 0.4300885498523712
909.9405446052551 0.36189234256744385
914.2833943367004 0.5554576516151428
918.6619966030121 0.4916148781776428
922.9591059684753 0.3199694752693176
927.3163447380066 0.4332042932510376
931.6130113601685 0.6057332754135132
935.923966884613 0.40928345918655396
940.3016247749329 0.7010193467140198
944.6080493927002 0.3907277584075928
948.9206795692444 0.30151304602622986
953.2448558807373 0.39677634835243225
957.5197069644928 0.4507031738758087
961.8094999790192 0.29436442255973816
966.1538138389587 0.3941537141799927
970.508180141449 0.4142862558364868
974.8930957317352 0.4769105613231659
979.2017755508423 0.45228397846221924
983.45982837677 0.4087980389595032
987.7414872646332 0.4193688631057739
992.0485007762909 0.42267197370529175
996.3383948802948 0.45678746700286865
1000.6295104026794 0.5080196857452393
1033.3287897109985 0.26290521025657654
1039.2990794181824 0.4049583375453949
1043.786791086197 0.5101758241653442
1048.1954708099365 0.34483155608177185
1052.6251924037933 0.3846561014652252
1057.0950932502747 0.4068453907966614
1061.5787453651428 0.5372424125671387
1066.0311796665192 0.39468517899513245
1070.545842885971 0.3853864371776581
1074.9995596408844 0.30577942728996277
1079.4107782840729 0.38129398226737976
1083.7917745113373 0.4828677773475647
1088.2042334079742 0.5940345525741577
1092.6217992305756 0.2804765999317169
1097.0938501358032 0.4394688606262207
1101.4705502986908 0.6185739636421204
1105.854709148407 0.434924840927124
1110.2350206375122 0.35127636790275574
1114.6307458877563 0.3254728317260742
1119.0337562561035 0.338427871465683
1123.4403524398804 0.43662649393081665
1127.872882604599 0.42546021938323975
1132.2418584823608 0.29054903984069824
1136.6607842445374 0.40371400117874146
1141.061033964157 0.40389835834503174
1145.45400929451 0.4685852527618408
1149.775710105896 0.440788209438324
1154.1092159748077 0.37381988763809204
1158.4894094467163 0.2980423867702484
1162.8592338562012 0.44043803215026855
1167.242752790451 0.35105305910110474
1171.6083269119263 0.4117533564567566
1175.9540047645569 0.3234559893608093
1180.2822980880737 0.37413597106933594
1184.6346020698547 0.2925918698310852
1188.9642596244812 0.495841383934021
1193.2826142311096 0.3763045072555542
1197.5960507392883 0.3581508696079254
1201.9265699386597 0.31814977526664734
1206.2760918140411 0.5019745826721191
1239.4004817008972 0.35038721561431885
1245.3599309921265 0.405320405960083
1249.7956144809723 0.41618072986602783
1254.2014417648315 0.4423103928565979
1258.5728330612183 0.5166025161743164
1262.909916639328 0.2928095757961273
1267.3096508979797 0.3730148673057556
1271.6627883911133 0.39405983686447144
1276.0527575016022 0.2856977581977844
1280.439349412918 0.35678690671920776
1284.757108926773 0.29956790804862976
1289.0540716648102 0.47493839263916016
1293.3880984783173 0.3559443950653076
1297.733192205429 0.31664353609085083
1302.0238797664642 0.4421948790550232
1306.3275892734528 0.6835634112358093
1310.6282045841217 0.322340726852417
1314.9882137775421 0.3965420722961426
1319.3677558898926 0.3025137484073639
1323.697535276413 0.33643510937690735
1327.973613500595 0.36964085698127747
1332.3206057548523 0.41948866844177246
1336.7126936912537 0.4345632791519165
1341.0154776573181 0.5653792023658752
1345.3464725017548 0.32436591386795044
1349.6505773067474 0.4872491657733917
1353.9377665519714 0.38645848631858826
1358.2296271324158 0.4281806945800781
1362.4948737621307 0.34170451760292053
1366.779081106186 0.4754791855812073
1371.0083780288696 0.2915392220020294
1375.3565561771393 0.3237725496292114
1379.6437721252441 0.33514201641082764
1383.9374759197235 0.35225316882133484
1388.2438230514526 0.3293290138244629
1392.5273656845093 0.6717078685760498
1396.7995278835297 0.42165207862854004
1401.112556219101 0.4363556504249573
1405.3646068572998 0.33142539858818054
1409.6663110256195 0.4314576983451843
1442.6574857234955 0.24903720617294312
1448.5976870059967 0.3203243017196655
1452.998950958252 0.36228978633880615
1457.369734287262 0.4598845839500427
1461.7748029232025 0.4422399401664734
1466.1085453033447 0.3961557149887085
1470.4523830413818 0.6540111303329468
1474.7954473495483 0.575559675693512
1479.187093257904 0.31080931425094604
1483.523457288742 0.2975539267063141
1487.8834073543549 0.3906955122947693
1492.254422903061 0.40948110818862915
1496.602249622345 0.37034815549850464
1500.931432723999 0.37543436884880066
1505.2536940574646 0.38148364424705505
1509.5804452896118 0.35241466760635376
1513.957105398178 0.4169982671737671
1518.2608788013458 0.36300212144851685
1522.5657858848572 0.3308718800544739
1526.9224750995636 0.31403490900993347
1531.2641761302948 0.3481683135032654
1535.5782220363617 0.32771527767181396
1539.9187245368958 0.3269535005092621
1544.2939157485962 0.5301485657691956
1548.5971503257751 0.28954625129699707
1552.8973698616028 0.2656075656414032
1557.1779730319977 0.4325275123119354
1561.5374820232391 0.4839782118797302
1565.8606898784637 0.40336358547210693
1570.1903727054596 0.46458518505096436
1574.5283424854279 0.2572287321090698
1578.816300868988 0.32605889439582825
1583.1186950206757 0.32373446226119995
1587.3910369873047 0.3616899251937866
1591.6732449531555 0.30266159772872925
1595.9556057453156 0.49572789669036865
1600.2227771282196 0.3598455488681793
1604.5024816989899 0.2833847403526306
1608.8055078983307 0.3228750228881836
1613.0896875858307 0.4083031415939331
1646.5973091125488 0.2553647458553314
1652.6620647907257 0.2689710557460785
1657.0053899288177 0.4001006484031677
1661.364109992981 0.3780941367149353
1665.7389631271362 0.45753031969070435
1670.0430691242218 0.28471603989601135
1674.386111497879 0.5777138471603394
1678.7106335163116 0.36445796489715576
1683.0459415912628 0.4096425771713257
1687.4527568817139 0.3078736364841461
1691.7478280067444 0.3022959232330322
1696.1345026493073 0.5597138404846191
1700.5059776306152 0.45695561170578003
1704.827247619629 0.293320894241333
1709.1473472118378 0.4567008316516876
1713.4483180046082 0.332560658454895
1717.7266178131104 0.28222087025642395
1722.058569908142 0.47309836745262146
1726.3611555099487 0.4114528000354767
1730.673532485962 0.2662016749382019
1734.9709544181824 0.3092150390148163
1739.25590467453 0.3695662021636963
1743.5479204654694 0.4195602536201477
1747.7838463783264 0.42427611351013184
1752.1202566623688 0.3908765912055969
1756.4116659164429 0.31110715866088867
1760.7087104320526 0.3331085443496704
1765.0230164527893 0.2567017674446106
1769.2926020622253 0.25616416335105896
1773.6203844547272 0.33764493465423584
1777.9028017520905 0.24659480154514313
1782.2239751815796 0.2701037526130676
1786.5462911128998 0.37488895654678345
1790.7983100414276 0.33126577734947205
1795.0366418361664 0.29372674226760864
1799.262484550476 0.32801613211631775
1803.5158021450043 0.2689831852912903
1807.7760980129242 0.258365660905838
1812.0593464374542 0.2871733605861664
1816.3583979606628 0.42921963334083557
1850.0772335529327 0.25795188546180725
1856.0892133712769 0.29659324884414673
1860.4609186649323 0.37099605798721313
1864.8886759281158 0.3451477289199829
1869.2590181827545 0.4102819561958313
1873.650093793869 0.3911598324775696
1878.0292341709137 0.33597731590270996
1882.4188463687897 0.3582977056503296
1886.8183131217957 0.4276518225669861
1891.196086883545 0.3245534896850586
1895.5051662921906 0.34163063764572144
1899.8246142864227 0.5328407287597656
1904.1914999485016 0.4638661742210388
1908.5286264419556 0.31903257966041565
1912.8855476379395 0.2778288722038269
1917.2127912044525 0.38313549757003784
1921.5520572662354 0.28994220495224
1925.8466610908508 0.5010654926300049
1930.1883616447449 0.2750643491744995
1934.5299227237701 0.4610344469547272
1938.849394083023 0.34638968110084534
1943.1562728881836 0.34898099303245544
1947.4371709823608 0.3020985722541809
1951.8164143562317 0.6121325492858887
1956.1252341270447 0.4899699091911316
1960.4143433570862 0.30239325761795044
1964.7266974449158 0.48220568895339966
1969.0009603500366 0.2884838581085205
1973.3168923854828 0.3464105725288391
1977.6039555072784 0.4984546899795532
1981.907642364502 0.2424764782190323
1986.2084600925446 0.33678698539733887
1990.5733830928802 0.27921050786972046
1994.8805406093597 0.3507640063762665
1999.1218812465668 0.3147994875907898
2003.4112040996552 0.3333604037761688
2007.723389863968 0.7514441609382629
2011.9402029514313 0.35719355940818787
2016.2474303245544 0.30476346611976624
2020.5630066394806 0.3208696246147156
2053.6822032928467 0.2512805759906769
2059.617073059082 0.29280975461006165
2064.0467171669006 0.33933818340301514
2068.433001756668 0.2952374517917633
2072.7952473163605 0.39737987518310547
2077.134984254837 0.43827635049819946
2081.505530357361 0.41306304931640625
2085.838541984558 0.2885896563529968
2090.209789276123 0.33311522006988525
2094.5493669509888 0.3840010166168213
2098.9254927635193 0.27374857664108276
2103.25443482399 0.422558069229126
2107.6232047080994 0.5567476153373718
2111.9665892124176 0.35088175535202026
2116.2886414527893 0.27810487151145935
2120.6573827266693 0.38779351115226746
2125.004742860794 0.39190852642059326
2129.336859226227 0.30285826325416565
2133.6807160377502 0.3383776843547821
2138.0248250961304 0.25578659772872925
2142.3633437156677 0.3333408534526825
2146.673602581024 0.2965644598007202
2150.989688873291 0.40624338388442993
2155.317358493805 0.4550064504146576
2159.637790441513 0.26397037506103516
2163.9933562278748 0.3232443630695343
2168.2698323726654 0.37786394357681274
2172.5810930728912 0.3716222047805786
2176.9389309883118 0.391329824924469
2181.240284204483 0.510465145111084
2185.5254232883453 0.27772730588912964
2189.8191661834717 0.24807985126972198
2194.129958152771 0.3451467752456665
2198.431565761566 0.2783868908882141
2202.719959259033 0.30365368723869324
2207.019952058792 0.28219977021217346
2211.3488233089447 0.3378250300884247
2215.686851501465 0.28814148902893066
2219.982943058014 0.2878430485725403
2224.2449564933777 0.3248395323753357
2257.3791885375977 0.35634326934814453
2263.4547386169434 0.3315291106700897
2267.8931653499603 0.4804980456829071
2272.3434886932373 0.4275708794593811
2276.737288951874 0.4555751085281372
2281.154849767685 0.2867119312286377
2285.577885389328 0.4914114475250244
2289.9866440296173 0.37457865476608276
2294.3411355018616 0.41743648052215576
2298.707873106003 0.3871643543243408
2303.08326792717 0.34781551361083984
2307.487935066223 0.44598838686943054
2311.865493774414 0.43802720308303833
2316.2064020633698 0.40202465653419495
2320.582990169525 0.29181164503097534
2324.9578998088837 0.4511479139328003
2329.288671016693 0.373727023601532
2333.611448287964 0.35503390431404114
2337.9246361255646 0.2929099202156067
2342.2293252944946 0.31991642713546753
2346.5831673145294 0.37626227736473083
2350.882297515869 0.2615209221839905
2355.1610424518585 0.30628061294555664
2359.488582611084 0.48782026767730713
2363.801401615143 0.4762076139450073
2368.1260647773743 0.331382155418396
2372.4504351615906 0.31705355644226074
2376.8175728321075 0.274467796087265
2381.1177508831024 0.32519593834877014
2385.4628705978394 0.39918336272239685
2389.7892434597015 0.2783612906932831
2394.087861061096 0.2542106509208679
2398.392333507538 0.32936030626296997
2402.6910309791565 0.2594885230064392
2406.94745016098 0.2825537919998169
2411.2168729305267 0.41641226410865784
2415.529989004135 0.2570584714412689
2419.8583710193634 0.3266129195690155
2424.227227449417 0.38720977306365967
2428.5083100795746 0.243636816740036
2461.8523638248444 0.24446159601211548
2467.84512758255 0.3387967646121979
2472.2860946655273 0.47093093395233154
2476.696642637253 0.35323959589004517
2481.08642745018 0.40706831216812134
2485.470308303833 0.2821851074695587
2489.9181406497955 0.3938347101211548
2494.346694946289 0.2820844054222107
2498.7352635860443 0.24997568130493164
2503.163988828659 0.39835286140441895
2507.562183380127 0.2892373502254486
2511.9761970043182 0.3435874879360199
2516.323075056076 0.39462584257125854
2520.65279173851 0.2797318696975708
2525.027681827545 0.259149968624115
2529.3470437526703 0.3119296729564667
2533.6670274734497 0.2428969293832779
2537.9520139694214 0.3258885145187378
2542.273068189621 0.4280827045440674
2546.577096939087 0.2927955687046051
2550.88521194458 0.2630068361759186
2555.18283700943 0.26580503582954407
2559.4605383872986 0.31083908677101135
2563.7382130622864 0.5628992319107056
2568.020119667053 0.3662223219871521
2572.321762561798 0.32286709547042847
2576.6380956172943 0.3919244110584259
2580.9144468307495 0.27215689420700073
2585.196681022644 0.2658294141292572
2589.483588695526 0.5701510906219482
2593.7824795246124 0.2918134331703186
2598.062004327774 0.370538592338562
2602.3325877189636 0.4002569913864136
2606.6028759479523 0.270761102437973
2610.8781480789185 0.39185142517089844
2615.151797056198 0.4439820647239685
2619.4140300750732 0.3409244418144226
2623.7028245925903 0.35551971197128296
2627.97642993927 0.30737340450286865
2632.270654439926 0.2951020896434784
2665.1476883888245 0.2976222634315491
2671.0924503803253 0.3844936788082123
2675.545739173889 0.3756149411201477
2679.9970557689667 0.3848050534725189
2684.398188829422 0.3687282204627991
2688.7994556427 0.2461264729499817
2693.2035274505615 0.6162689924240112
2697.546883583069 0.3182729482650757
2701.9422364234924 0.30921971797943115
2706.3521065711975 0.24412618577480316
2710.6776146888733 0.26976943016052246
2715.0660121440887 0.4745551347732544
2719.3928089141846 0.3713153600692749
2723.7608649730682 0.28384023904800415
2728.168257713318 0.37581050395965576
2732.506831407547 0.3978792130947113
2736.8579499721527 0.4080967903137207
2741.253324985504 0.27645424008369446
2745.694516181946 0.3019566535949707
2750.0714876651764 0.43826204538345337
2754.433986186981 0.39458730816841125
2758.7781059741974 0.3474509119987488
2763.1197192668915 0.470994770526886
2767.4715955257416 0.31852492690086365
2771.864490747452 0.3072594404220581
2776.179321050644 0.27701300382614136
2780.5033535957336 0.40341293811798096
2784.8115582466125 0.2957429587841034
2789.118210554123 0.2849181592464447
2793.435699701309 0.3211439549922943
2797.721642255783 0.27767911553382874
2802.0007734298706 0.2818449139595032
2806.2935762405396 0.28024518489837646
2810.5844433307648 0.33145928382873535
2814.8526327610016 0.4139932692050934
2819.1713795661926 0.43121445178985596
2823.408409357071 0.2513974606990814
2827.6655077934265 0.2517414689064026
2831.948658466339 0.2743414342403412
2836.275695323944 0.3156834840774536
2868.8382103443146 0.2697893977165222
2874.9448368549347 0.33272087574005127
2879.391586303711 0.5539456009864807
2883.880327939987 0.3425002098083496
2888.357777118683 0.2936227321624756
2892.817104578018 0.25216418504714966
2897.272003889084 0.3140917420387268
2901.6951401233673 0.2778927981853485
2906.1248590946198 0.26870545744895935
2910.555345058441 0.6264609098434448
2914.9466893672943 0.351696640253067
2919.3603241443634 0.41544991731643677
2923.774354696274 0.31544357538223267
2928.223516702652 0.25335147976875305
2932.6314556598663 0.2990906536579132
2937.016145467758 0.42105305194854736
2941.4544343948364 0.2523626387119293
2945.9023711681366 0.30745571851730347
2950.306691646576 0.29352521896362305
2954.7564573287964 0.2795320451259613
2959.171471595764 0.47893136739730835
2963.609699487686 0.3406533896923065
2968.0274279117584 0.24609026312828064
2972.449698448181 0.3284260034561157
2976.873913526535 0.25746724009513855
2981.260975122452 0.41084960103034973
2985.635666847229 0.30369216203689575
2990.1049337387085 0.3127015233039856
2994.5309002399445 0.2762387990951538
2998.9306354522705 0.38041952252388
3003.2885115146637 0.23821339011192322
3007.705771446228 0.3002470135688782
3012.0721249580383 0.2728029787540436
3016.4238328933716 0.3801211714744568
3020.786121368408 0.2575307786464691
3025.1483569145203 0.3811166286468506
3029.522835969925 0.5931056141853333
3033.8784906864166 0.46599650382995605
3038.2754967212677 0.4512869715690613
3042.675700902939 0.2813487648963928
3076.020797252655 0.2413496971130371
3082.2005937099457 0.34445124864578247
3086.550607442856 0.26657241582870483
3090.928459405899 0.4434678554534912
3095.2410864830017 0.47865620255470276
3099.594849586487 0.2615363299846649
3103.968610048294 0.41250723600387573
3108.3492028713226 0.27842020988464355
3112.698098897934 0.31708717346191406
3117.0432093143463 0.25117480754852295
3121.381809234619 0.3214038014411926
3125.6781318187714 0.38729745149612427
3130.000488758087 0.2762563228607178
3134.2695367336273 0.37361961603164673
3138.6290788650513 0.35550135374069214
3142.923098087311 0.47347748279571533
3147.2627255916595 0.28476816415786743
3151.5818462371826 0.34393084049224854
3155.8190450668335 0.2905694842338562
3160.0569984912872 0.3088201880455017
3164.3667829036713 0.2940717041492462
3168.65358042717 0.2524198889732361
3172.9280240535736 0.47334998846054077
3177.2329206466675 0.3651406466960907
3181.509843349457 0.28184229135513306
3185.782943725586 0.25036823749542236
3190.044054746628 0.2879694998264313
3194.355562210083 0.29225102066993713
3198.6141517162323 0.25046268105506897
3202.875002861023 0.31498342752456665
3207.130968809128 0.2376449853181839
3211.540683746338 0.27303075790405273
3215.868460893631 0.3334975242614746
3220.1739761829376 0.2545820474624634
3224.4635910987854 0.35654646158218384
3228.7392477989197 0.23838067054748535
3233.043651342392 0.308533251285553
3237.2710325717926 0.3785892128944397
3241.5807814598083 0.3117595314979553
3245.9296293258667 0.3440602421760559
3278.6792154312134 0.24375788867473602
3284.749662399292 0.306549072265625
3289.2387194633484 0.4782898724079132
3293.6907873153687 0.5856773853302002
3298.2370131015778 0.3997049927711487
3302.7075860500336 0.2899036407470703
3307.131533384323 0.45611605048179626
3311.593167066574 0.3581545948982239
3316.007636785507 0.39314693212509155
3320.393338918686 0.2565087080001831
3324.7762367725372 0.3619537055492401
3329.1527514457703 0.3238127827644348
3333.574876308441 0.550201952457428
3338.0037949085236 0.29446619749069214
3342.3915088176727 0.24226535856723785
3346.715761423111 0.31499797105789185
3351.1504333019257 0.2798348367214203
3355.5603499412537 0.4432324767112732
3359.983171224594 0.31425586342811584
3364.375691175461 0.3142637610435486
3368.768252849579 0.45491617918014526
3373.174664735794 0.3195318877696991
3377.5155777931213 0.34902438521385193
3381.8789780139923 0.2822876572608948
3386.281047105789 0.28325870633125305
3390.668902873993 0.2771978974342346
3395.042942047119 0.28651371598243713
3399.4300174713135 0.2559954822063446
3403.7783539295197 0.3040162920951843
3408.1619534492493 0.4726218581199646
3412.585077524185 0.2886342704296112
3416.9009318351746 0.3674050569534302
3421.2358894348145 0.27740928530693054
3425.624449491501 0.28586870431900024
3429.94140124321 0.27743005752563477
3434.247313976288 0.2812924385070801
3438.647071838379 0.31030622124671936
3442.993663787842 0.25607097148895264
3447.336206674576 0.2528015673160553
3451.661396741867 0.2631649971008301
3484.511672258377 0.243011936545372
3490.5672590732574 0.25583621859550476
3495.022456884384 0.3034858703613281
3499.441183567047 0.35240936279296875
3503.8346943855286 0.48403847217559814
3508.22336101532 0.40734949707984924
3512.679251909256 0.3873220384120941
3517.166473388672 0.39900898933410645
3521.5574231147766 0.24499595165252686
3526.0111334323883 0.35154175758361816
3530.4160215854645 0.25967150926589966
3534.8562865257263 0.3123137950897217
3539.2805438041687 0.3715220093727112
3543.7313256263733 0.2602149248123169
3548.174064874649 0.3429147005081177
3552.6082015037537 0.36349353194236755
3557.0226027965546 0.2723831236362457
3561.458475112915 0.4129054546356201
3565.825025320053 0.3086625337600708
3570.237043619156 0.5635976195335388
3574.5944209098816 0.26004621386528015
3578.985787153244 0.2611405551433563
3583.317153453827 0.3773573040962219
3587.699379682541 0.26264551281929016
3592.032094478607 0.24763865768909454
3596.415693998337 0.2966093122959137
3600.8067638874054 0.2883070707321167
3605.149393558502 0.34962326288223267
3609.504161596298 0.30070960521698
3613.908636569977 0.43578439950942993
3618.289529800415 0.23594799637794495
3622.658947467804 0.30753153562545776
3627.009044408798 0.29857882857322693
3631.380662202835 0.3293001055717468
3635.7491314411163 0.37486532330513
3640.1244127750397 0.3682263493537903
3644.517055749893 0.41897106170654297
3648.9196009635925 0.36507701873779297
3653.341338157654 0.3197433054447174
3657.6975128650665 0.3940364122390747
3691.3470890522003 0.32589948177337646
3697.3767387866974 0.24688409268856049
3701.894117116928 0.38449424505233765
3706.3620789051056 0.5123705267906189
3710.8396174907684 0.3892350494861603
3715.261197566986 0.2615292966365814
3719.6444160938263 0.31878453493118286
3724.0861225128174 0.3602544665336609
3728.5167050361633 0.2892373502254486
3732.9268097877502 0.3264022469520569
3737.3954412937164 0.2575550079345703
3741.846143722534 0.31826886534690857
3746.289566516876 0.31591251492500305
3750.688725233078 0.2616491913795471
3755.068738222122 0.25300127267837524
3759.539940595627 0.31947916746139526
3763.9326009750366 0.2438722848892212
3768.3462097644806 0.3312176465988159
3772.769399881363 0.26512011885643005
3777.1588842868805 0.31334543228149414
3781.5384464263916 0.42830994725227356
3785.954807281494 0.26499563455581665
3790.340389728546 0.4245554208755493
3794.6857159137726 0.33984625339508057
3799.0824415683746 0.35167086124420166
3803.4339742660522 0.2771451771259308
3807.806325674057 0.4017179608345032
3812.1314356327057 0.3677058219909668
3816.4555909633636 0.2835249900817871
3820.7852969169617 0.3428778052330017
3825.169630765915 0.2732407748699188
3829.52605509758 0.248304545879364
3833.873768091202 0.29709261655807495
3838.225532770157 0.37072110176086426
3842.584911584854 0.2692949175834656
3846.9024596214294 0.25372621417045593
3851.2697999477386 0.32348504662513733
3855.627082824707 0.29703381657600403
3859.9419379234314 0.3149271011352539
3864.228884458542 0.26033923029899597
3897.275539636612 0.24335776269435883
3903.3753905296326 0.26737478375434875
3907.843339443207 0.3581245541572571
3912.2808368206024 0.36657121777534485
3916.747275829315 0.4324517846107483
3921.2351360321045 0.3215169906616211
3925.73202252388 0.3495321571826935
3930.190811395645 0.3146659731864929
3934.631937980652 0.26850399374961853
3939.059093475342 0.25495731830596924
3943.481388568878 0.3513448238372803
3947.905332326889 0.347766637802124
3952.301296710968 0.40121757984161377
3956.67014169693 0.2549459636211395
3961.0381350517273 0.25650835037231445
3965.447772502899 0.36492180824279785
3969.8611283302307 0.24487505853176117
3974.27653837204 0.256320983171463
3978.65895152092 0.26860857009887695
3983.0349609851837 0.2526916563510895
3987.3740293979645 0.3127252161502838
3991.738025665283 0.2859121561050415
3996.1434392929077 0.23693037033081055
4000.5584604740143 0.32794156670570374
4004.8930740356445 0.3123505413532257
4009.262177467346 0.2613735795021057
4013.6614031791687 0.2609417736530304
4018.14817237854 0.2910829782485962
4022.5150957107544 0.3065702021121979
4026.912216901779 0.3016154170036316
4031.3334534168243 0.2537529766559601
4035.8536915779114 0.2658715844154358
4040.242428779602 0.29504403471946716
4044.6222884655 0.3646092414855957
4049.0514216423035 0.34564560651779175
4053.480598449707 0.25799039006233215
4057.837774515152 0.3162357211112976
4062.2065103054047 0.29598766565322876
4066.5339980125427 0.36651575565338135
4070.8575818538666 0.24324044585227966
