18.65211033821106 4.993700981140137
25.012328386306763 2.752441167831421
29.51418685913086 2.3703932762145996
33.854708433151245 2.1788101196289062
38.194355726242065 1.983726978302002
42.5776789188385 2.128035068511963
46.943230867385864 2.081298351287842
51.269906759262085 1.66556978225708
55.62601900100708 1.5494751930236816
59.920881509780884 1.8220851421356201
64.22199416160583 2.0426251888275146
68.54901313781738 1.7834984064102173
72.85345530509949 1.351380467414856
77.1726143360138 1.4845365285873413
81.50300645828247 1.796684741973877
85.79721093177795 1.382172703742981
90.08541464805603 0.7601624131202698
94.37732577323914 1.2200266122817993
98.6751160621643 1.1229238510131836
103.02885627746582 0.9648158550262451
107.30201053619385 0.9846847057342529
111.58222675323486 1.0139906406402588
115.82191729545593 1.2904789447784424
120.08875894546509 1.2055453062057495
124.36200404167175 1.1212671995162964
128.62544965744019 0.896813690662384
132.9481556415558 0.7820065021514893
137.28145718574524 1.1847100257873535
141.5407898426056 1.0860035419464111
145.8486931324005 0.7458816170692444
150.1337447166443 0.8440136909484863
154.4439287185669 1.0117416381835938
158.73410177230835 0.6051383018493652
163.0750801563263 0.6500688791275024
167.40141773223877 0.8560628890991211
171.71261596679688 0.6111172437667847
176.00932788848877 0.714965283870697
180.3018651008606 0.7389689087867737
184.591388463974 0.6643332242965698
188.87767577171326 0.7968845963478088
217.44268560409546 0.985940158367157
223.4714651107788 0.7235726714134216
227.85319876670837 0.9482804536819458
232.23229122161865 0.9045675992965698
236.57723212242126 0.6984794735908508
240.95100021362305 0.7050130367279053
245.3674030303955 0.764135479927063
249.73577737808228 0.7292706966400146
254.1113474369049 0.9248836040496826
258.5082712173462 0.7818015217781067
262.8584260940552 0.7693784236907959
267.17027711868286 0.7241364121437073
271.5294213294983 1.0234086513519287
275.89889430999756 0.8569285869598389
280.2988374233246 0.44493940472602844
284.65420842170715 0.7005056738853455
288.9879984855652 0.8672724366188049
293.33881974220276 0.8184365630149841
297.7006866931915 1.048717975616455
301.97861647605896 0.8305266499519348
306.30453991889954 0.9464213848114014
310.5861437320709 0.6286885738372803
314.8495988845825 0.9520901441574097
319.17089557647705 0.8547905683517456
323.49186968803406 0.6272945404052734
327.84528946876526 0.742304265499115
332.26158142089844 0.38835299015045166
336.55375719070435 0.6230778694152832
340.88782572746277 0.9221049547195435
345.2311062812805 0.5167211890220642
349.5402388572693 0.5572560429573059
353.88457775115967 0.5616899132728577
358.2151117324829 0.5737059116363525
362.509450674057 0.541214108467102
366.85704135894775 0.6638384461402893
371.15390515327454 0.4623942971229553
375.48464822769165 0.646797776222229
379.826767206192 0.6485812664031982
384.1947982311249 0.6739562749862671
388.51336336135864 0.5630522966384888
416.75002002716064 0.5068444609642029
422.7081868648529 0.7857617139816284
427.0754282474518 0.7310374975204468
431.4179017543793 0.785098671913147
435.7150056362152 0.5597501993179321
440.0091767311096 0.6965724229812622
444.3003799915314 0.6539647579193115
448.5829977989197 0.538862943649292
452.7698333263397 0.6003060340881348
457.03202986717224 0.5387815237045288
461.2762773036957 0.6550940871238708
465.51712584495544 0.5153639912605286
469.773334980011 0.4758783280849457
473.94203424453735 0.5567005276679993
478.20160365104675 0.3957770764827728
482.5149347782135 0.6499637365341187
486.742329120636 0.5928218364715576
490.98365116119385 0.6791905164718628
495.23818159103394 0.39360129833221436
499.46447825431824 0.6639596223831177
503.67360758781433 0.4354248642921448
507.944109916687 0.5748246908187866
512.1789636611938 0.6059602499008179
516.4707486629486 0.7236635684967041
520.7267727851868 0.49288785457611084
524.994912147522 0.5954049825668335
529.2831571102142 0.5469158887863159
533.6060888767242 0.5884668827056885
537.9416527748108 0.6229732632637024
542.2135591506958 0.438255250453949
546.4668052196503 0.6201916933059692
550.7082748413086 0.5539000630378723
555.0092666149139 0.42826440930366516
559.2632741928101 0.7221825122833252
563.5817685127258 0.7613822817802429
567.8370668888092 0.7402577996253967
572.100800037384 0.4804580807685852
576.3966422080994 0.4842265546321869
580.6803023815155 0.5067874789237976
584.9297726154327 0.5552301406860352
613.0067636966705 0.46683067083358765
619.0156416893005 0.6253453493118286
623.4442095756531 0.7492105960845947
627.8055744171143 0.937384307384491
632.1769366264343 0.41153764724731445
636.5258634090424 0.5269260406494141
640.8492243289948 0.5642028450965881
645.1847112178802 0.5907721519470215
649.4960820674896 0.6509377360343933
653.8418579101562 0.7396718263626099
658.1659104824066 0.37657731771469116
662.4760899543762 0.4814329743385315
666.7542510032654 0.6498276591300964
671.0755472183228 0.5498316884040833
675.3723621368408 0.8473491668701172
679.6466226577759 0.8236513137817383
683.9547455310822 0.6617670059204102
688.2470965385437 0.6326473951339722
692.5432529449463 0.6817960739135742
696.8130745887756 0.5784350037574768
701.1019058227539 0.4611988365650177
705.3618695735931 0.6081256866455078
709.6375005245209 0.5130279660224915
713.9235713481903 0.528229832649231
718.2110576629639 0.36468321084976196
722.5320751667023 0.46978381276130676
726.8463490009308 0.4302350580692291
731.1725242137909 0.7182937860488892
735.5357112884521 0.5328843593597412
739.8412208557129 0.6009384989738464
744.1548001766205 0.6627445220947266
748.4468719959259 0.44629794359207153
752.7730441093445 0.5151875019073486
757.0987322330475 0.4721510112285614
761.3605716228485 0.5350773930549622
765.6528618335724 0.671086311340332
769.9821434020996 0.5114504098892212
774.3095326423645 0.5409344434738159
778.5953886508942 0.6053593158721924
782.9589476585388 0.5806573033332825
811.494580745697 0.7315165996551514
817.5077993869781 0.795974850654602
822.0024445056915 0.4735156297683716
826.3943190574646 0.6942261457443237
830.7717206478119 0.6836815476417542
835.1734778881073 0.49987703561782837
839.5792419910431 0.48608115315437317
843.970356464386 0.6774334907531738
848.3730988502502 0.6665059328079224
852.7656052112579 0.41614052653312683
857.0919923782349 0.6819189786911011
861.4617364406586 0.5048930644989014
865.827299118042 0.8414104580879211
870.1748232841492 0.5572888851165771
874.5290780067444 0.6387445330619812
878.8835537433624 0.5170681476593018
883.2151257991791 0.5183762311935425
887.5528547763824 0.8061056733131409
891.9319190979004 0.8786928653717041
896.2454845905304 0.5066579580307007
900.5810477733612 0.6414754390716553
904.8583431243896 0.5375487804412842
909.167090177536 0.6969809532165527
913.4764566421509 0.6208302974700928
917.7700879573822 0.39527544379234314
922.1118719577789 0.6260368824005127
926.4299063682556 0.513118326663971
930.745055437088 0.7619327306747437
935.0537102222443 0.4988122284412384
939.4165527820587 0.47103989124298096
943.774055480957 0.5540171265602112
948.0774209499359 0.5185996294021606
952.4131364822388 0.5164159536361694
956.7190461158752 0.6462717056274414
961.0987310409546 0.4675004780292511
965.4369883537292 0.42187002301216125
969.7656526565552 0.7900797128677368
974.1650593280792 0.792809009552002
978.5229589939117 0.5165936350822449
982.8957049846649 0.42678946256637573
1011.2243568897247 0.8454562425613403
1017.1702928543091 0.7657686471939087
1021.5265200138092 0.5602297186851501
1025.8679285049438 0.6142289042472839
1030.143517255783 0.4720722436904907
1034.4668340682983 0.6146011352539062
1038.8400506973267 0.6455860137939453
1043.1673629283905 0.477790892124176
1047.499174118042 0.4112304747104645
1051.823314189911 0.523005485534668
1056.12264418602 0.5244451761245728
1060.4338369369507 0.6276174783706665
1064.7116894721985 0.6592187881469727
1068.995065689087 0.5667700171470642
1073.3174271583557 0.43447259068489075
1077.549076795578 0.6634317636489868
1081.7814049720764 0.5469656586647034
1086.0740764141083 0.47753751277923584
1090.3258917331696 0.6997886896133423
1094.6294553279877 0.6406248807907104
1098.8620204925537 0.5945327281951904
1103.124754190445 0.8983174562454224
1107.4167444705963 0.4285680651664734
1111.6320757865906 0.6220080256462097
1115.8844065666199 0.7149379253387451
1120.1698625087738 0.7645089626312256
1124.4897873401642 0.7465602159500122
1128.7823631763458 0.5085278749465942
1133.0718381404877 0.48543867468833923
1137.2988753318787 0.45732763409614563
1141.5889284610748 0.6505022048950195
1145.8529057502747 0.4087951183319092
1150.1789226531982 0.602399468421936
1154.456901550293 0.770088791847229
1158.8281161785126 0.5268440246582031
1163.1348669528961 0.5143816471099854
1167.4770939350128 0.6615740060806274
1171.7898480892181 0.5202242136001587
1176.0887477397919 0.569011390209198
1180.390362739563 0.5350214242935181
1208.525480747223 0.6729264855384827
1214.4961051940918 0.617106556892395
1218.870328426361 0.6721165180206299
1223.1817469596863 0.7374545335769653
1227.4829258918762 0.46037501096725464
1231.802062034607 0.5679693222045898
1236.1711750030518 0.46443891525268555
1240.4877829551697 0.6276125907897949
1244.801843881607 0.62767493724823
1249.1104426383972 0.49004802107810974
1253.377567768097 0.5125877857208252
1257.7247169017792 0.5935985445976257
1262.0141632556915 0.7166774272918701
1266.2985372543335 0.6790809035301208
1270.5416905879974 0.5969437956809998
1274.837495803833 0.55500727891922
1279.1263077259064 0.5091413259506226
1283.4125709533691 0.5392992496490479
1287.7233953475952 0.3900008201599121
1292.1231982707977 0.4326036870479584
1296.4397602081299 0.3943784832954407
1300.7137298583984 0.7358473539352417
1305.0355410575867 0.5579153299331665
1309.3533029556274 0.5937896966934204
1313.6847505569458 0.6611555218696594
1318.0244183540344 0.8432823419570923
1322.347872018814 0.46657809615135193
1326.7297163009644 0.49978867173194885
1331.0762939453125 0.7100099325180054
1335.3579771518707 0.48939424753189087
1339.6534769535065 0.5152349472045898
1343.9927251338959 0.549140453338623
1348.3075761795044 0.7691407203674316
1352.623305797577 0.46115627884864807
1356.9630422592163 0.5658102035522461
1361.277225971222 1.015174388885498
1365.5657291412354 0.521726131439209
1369.8922011852264 0.5104084610939026
1374.2109425067902 0.6432900428771973
1378.5351049900055 0.6459224820137024
1407.6798536777496 0.40038925409317017
1413.6924059391022 0.595085620880127
1418.1024188995361 0.5273793339729309
1422.4758009910583 0.5710101127624512
1426.9154691696167 0.7845114469528198
1431.3543021678925 0.5829081535339355
1435.7178692817688 0.4369022846221924
1440.0835642814636 0.44791939854621887
1444.5464301109314 0.5801536440849304
1448.9198262691498 0.5776304006576538
1453.2777409553528 0.7727190256118774
1457.6482346057892 0.5007240772247314
1462.0279145240784 0.4790801405906677
1466.3874962329865 0.4697023630142212
1470.7362868785858 0.47672998905181885
1475.1188387870789 0.6226471662521362
1479.4159927368164 0.6391962170600891
1483.7173466682434 0.47947999835014343
1488.080326795578 0.5020821690559387
1492.3903331756592 0.6808091402053833
1496.7624063491821 0.4990382492542267
1501.1083755493164 0.6858546137809753
1505.4195742607117 0.5701941251754761
1509.704889535904 0.6170368194580078
1514.024563550949 0.48869556188583374
1518.3432281017303 0.7444567680358887
1522.6972453594208 0.41548070311546326
1527.049522638321 0.46191659569740295
1531.3861587047577 0.6703910231590271
1535.7137489318848 0.6941215991973877
1540.0753378868103 0.365730881690979
1544.4820795059204 0.46378636360168457
1548.8410902023315 0.5415914058685303
1553.1464412212372 0.9523888230323792
1557.4719743728638 0.42579856514930725
1561.756074666977 0.3981075882911682
1566.1375727653503 0.543881893157959
1570.524441242218 0.6012696027755737
1574.871630191803 0.4756842255592346
1579.1911911964417 0.5208209753036499
1607.7609741687775 0.6411658525466919
1613.9023156166077 0.6495019197463989
1618.253330230713 0.5183823704719543
1622.62197971344 0.5307216644287109
1626.9594540596008 0.5671737194061279
1631.3107137680054 0.5283459424972534
1635.675758600235 0.43229037523269653
1639.991191625595 0.6284894943237305
1644.3018198013306 0.3648800551891327
1648.6147210597992 0.8879399299621582
1652.8996930122375 0.4437008500099182
1657.1497428417206 0.5717219710350037
1661.4535212516785 0.7348321676254272
1665.744726896286 0.5754958391189575
1670.033316373825 0.7559881210327148
1674.30490732193 0.8163324594497681
1678.5551488399506 0.514284610748291
1682.8644857406616 0.7892605066299438
1687.1438720226288 0.5248937606811523
1691.489690065384 0.8213992118835449
1695.704472541809 0.40239712595939636
1699.9535620212555 0.524079442024231
1704.1467199325562 0.40459463000297546
1708.4080111980438 0.4505389332771301
1712.7047204971313 0.5390729308128357
1716.9725878238678 0.7122549414634705
1721.242740392685 0.6205663681030273
1725.5504641532898 0.5135178565979004
1729.8629777431488 0.6262458562850952
1734.169921875 0.4516877830028534
1738.4508633613586 0.644809365272522
1742.7955613136292 0.6085959672927856
1747.1015150547028 0.4411654472351074
1751.4096639156342 0.6704540252685547
1755.706923007965 0.5466709733009338
1759.956307888031 0.44405776262283325
1764.2483785152435 0.8455119132995605
1768.5208315849304 0.5386113524436951
1772.8236725330353 0.5376715660095215
1777.1089494228363 0.5579050779342651
1806.351209640503 0.5745643973350525
1812.512013912201 0.6289430856704712
1816.9695754051208 0.7840688228607178
1821.4769096374512 0.6878204941749573
1825.9718165397644 0.4022679924964905
1830.3967361450195 0.4127682149410248
1834.7636406421661 0.35276690125465393
1839.0869855880737 0.37934985756874084
1843.406537771225 0.48198238015174866
1847.7231907844543 0.5996798276901245
1852.0663783550262 0.35798022150993347
1856.380728006363 0.5295525789260864
1860.7322790622711 0.4574437737464905
1865.076665878296 0.7513277530670166
1869.4274184703827 0.4089566171169281
1873.7612302303314 0.3758748173713684
1878.0720171928406 0.41239500045776367
1882.3908948898315 0.5174919962882996
1886.67919754982 0.34156596660614014
1890.9968576431274 0.49646517634391785
1895.2843124866486 0.34330740571022034
1899.5567100048065 0.39355772733688354
1903.8288960456848 0.32445231080055237
1908.1777939796448 0.32140499353408813
1912.4937055110931 0.332438588142395
1916.8187987804413 0.5618082284927368
1921.1598076820374 0.3189764618873596
1925.5179126262665 0.34485334157943726
1929.8755600452423 0.33315277099609375
1934.2103912830353 0.359089732170105
1938.6184113025665 0.35113388299942017
1942.9309356212616 0.36128559708595276
1947.2998385429382 0.36924514174461365
1951.594298362732 0.3252493739128113
1955.9488499164581 0.3377990126609802
1960.3164885044098 0.2962723970413208
1964.6329312324524 0.29874780774116516
1968.9476146697998 0.3372654914855957
1973.2977113723755 0.34336501359939575
1977.7085568904877 0.3274400532245636
2006.8524525165558 0.331743061542511
2012.8590338230133 0.3010292053222656
2017.2549884319305 0.3243127465248108
2021.678641319275 0.33807826042175293
2026.1010837554932 0.33806276321411133
2030.5068418979645 0.28998395800590515
2034.883749961853 0.4176200032234192
2039.2826232910156 0.30240464210510254
2043.6488599777222 0.31796425580978394
2048.083844423294 0.32809263467788696
2052.448066473007 0.3261949419975281
2056.8620023727417 0.3433626890182495
2061.2209401130676 0.3127524256706238
2065.6526730060577 0.28953391313552856
2070.043454170227 0.3283402919769287
2074.438392162323 0.30631881952285767
2078.814989566803 0.28646668791770935
2083.1433403491974 0.29437971115112305
2087.478338956833 0.31125232577323914
2091.8290667533875 0.3390175998210907
2096.1416845321655 0.2739517390727997
2100.4369189739227 0.2888506054878235
2104.7549624443054 0.27823346853256226
2109.0369956493378 0.3651369512081146
2113.3346037864685 0.27641189098358154
2117.6319739818573 0.28690779209136963
2121.991533756256 0.2698178291320801
2126.3367989063263 0.2839776873588562
2130.660243034363 0.28461068868637085
2135.0210242271423 0.27100640535354614
2139.337280511856 0.29947155714035034
2143.632281064987 0.27435824275016785
2147.957197904587 0.27164819836616516
2152.2828443050385 0.29309093952178955
2156.6135292053223 0.27934855222702026
2160.940310239792 0.2689085006713867
2165.270076274872 0.4246901273727417
2169.5614941120148 0.25954461097717285
2173.892828941345 0.2789525091648102
2178.218548297882 0.2615208923816681
2207.1275198459625 0.3198130428791046
2213.1391303539276 0.2643652558326721
2217.5902874469757 0.25581875443458557
2222.005248069763 0.2614361643791199
2226.4044840335846 0.274119108915329
2230.817709684372 0.268588125705719
2235.2575652599335 0.45794716477394104
2239.596017599106 0.2868936359882355
2243.924191713333 0.2616293728351593
2248.2984521389008 0.2788832485675812
2252.676685810089 0.25027385354042053
2257.032415151596 0.33592236042022705
2261.3706572055817 0.25593942403793335
2265.7047090530396 0.2635428011417389
2270.03280878067 0.2521536648273468
2274.3387401103973 0.295845627784729
2278.6599819660187 0.25167903304100037
2282.962035894394 0.2538263499736786
2287.3170025348663 0.2504844069480896
2291.553778409958 0.24746891856193542
2295.8080291748047 0.24252717196941376
2300.070562362671 0.24870015680789948
2304.341421842575 0.26156187057495117
2308.5795822143555 0.2411450296640396
2312.8529300689697 0.23979389667510986
2317.2378623485565 0.2812579870223999
2321.583916902542 0.25402137637138367
2325.8952107429504 0.3017294108867645
2330.2298386096954 0.260933518409729
2334.581465244293 0.23338955640792847
2338.9058117866516 0.2723972499370575
2343.19117975235 0.24278834462165833
2347.4917278289795 0.2399919629096985
2351.8060371875763 0.3863743841648102
2356.0687363147736 0.26150915026664734
2360.405788421631 0.23724253475666046
2364.7279884815216 0.24354588985443115
2368.9994461536407 0.28333133459091187
2373.2902495861053 0.24833247065544128
2377.6082289218903 0.22918789088726044
2405.83558177948 0.2611970901489258
2411.9259493350983 0.22818996012210846
2416.404506444931 0.22738341987133026
2420.822391986847 0.22455987334251404
2425.2032084465027 0.245353564620018
2429.560933828354 0.2452796995639801
2433.95015668869 0.22530610859394073
2438.3305764198303 0.23181314766407013
2442.707755088806 0.23408472537994385
2447.0488560199738 0.22868908941745758
2451.3737773895264 0.22926545143127441
2455.7533056735992 0.34731993079185486
2460.1558599472046 0.2879856526851654
2464.4959971904755 0.2206038534641266
2468.8574945926666 0.22287020087242126
2473.1890988349915 0.23282843828201294
2477.5393567085266 0.2936958968639374
2481.8278098106384 0.21546287834644318
2486.125471830368 0.2228728085756302
2490.454948425293 0.21337635815143585
2494.8225643634796 0.21715092658996582
2499.1044974327087 0.22626541554927826
2503.4310808181763 0.21206800639629364
2507.733189344406 0.2549428641796112
2512.1679995059967 0.21293573081493378
2516.49902009964 0.22525790333747864
2520.861424446106 0.2170763462781906
2525.227371931076 0.21618521213531494
2529.5888974666595 0.25623011589050293
2533.950440645218 0.21019989252090454
2538.2995235919952 0.22685112059116364
2542.6637575626373 0.2451646327972412
2547.0464067459106 0.20735110342502594
2551.4312660694122 0.2164703607559204
2555.7973589897156 0.2129543572664261
2560.1311616897583 0.2263721078634262
2564.4943635463715 0.2049095779657364
2568.842580318451 0.21350054442882538
2573.202233314514 0.36913853883743286
2577.5307104587555 0.23620590567588806
2606.098735332489 0.26697883009910583
2612.288420677185 0.2169097363948822
2616.769516468048 0.3372787833213806
2621.1698570251465 0.21318842470645905
2625.600433588028 0.20769648253917694
2629.9929933547974 0.20069026947021484
2634.363733291626 0.20823869109153748
2638.7743628025055 0.21606266498565674
2643.179888486862 0.2908172905445099
2647.5321509838104 0.32559478282928467
2651.901995420456 0.19610324501991272
2656.3276150226593 0.3634403347969055
2660.6952114105225 0.21660645306110382
2665.0224027633667 0.20050078630447388
2669.4105083942413 0.20315493643283844
2673.809313774109 0.19808891415596008
2678.134119987488 0.2978338599205017
2682.4725906848907 0.2153366357088089
2686.8400881290436 0.21617856621742249
2691.1613323688507 0.19244609773159027
2695.5074174404144 0.2131836861371994
2699.8230249881744 0.1948428899049759
2704.1442363262177 0.22456277906894684
2708.477720975876 0.2608691453933716
2712.791719198227 0.263288289308548
2717.145616054535 0.19077317416667938
2721.492255449295 0.2058519423007965
2725.7829189300537 0.21326296031475067
2730.142694711685 0.1961384117603302
2734.468554496765 0.19025474786758423
2738.774000644684 0.18760037422180176
2743.0939614772797 0.19073094427585602
2747.3857440948486 0.19669635593891144
2751.7491297721863 0.19618229568004608
2756.0788378715515 0.227214977145195
2760.418212413788 0.1996859759092331
2764.753515481949 0.18810921907424927
2769.1280794143677 0.18868088722229004
2773.4637553691864 0.1926058530807495
2777.789741039276 0.22605901956558228
2806.7067222595215 0.1944236308336258
2812.722823858261 0.18924814462661743
2817.1019735336304 0.2557462751865387
2821.5405807495117 0.18870341777801514
2825.9543244838715 0.18777328729629517
2830.3853256702423 0.23202598094940186
2834.8026645183563 0.20462536811828613
2839.162169933319 0.19065675139427185
2843.500372171402 0.1871325969696045
2847.8477675914764 0.18722350895404816
2852.1649940013885 0.18920472264289856
2856.5399644374847 0.19108253717422485
2860.90522313118 0.18888549506664276
2865.277608394623 0.215236097574234
2869.686430454254 0.18818515539169312
2874.0530984401703 0.18687082827091217
2878.3974609375 0.18917180597782135
2882.7781541347504 0.1890212893486023
2887.1102538108826 0.18623262643814087
2891.475887298584 0.20068611204624176
2895.8298828601837 0.19073525071144104
2900.186266899109 0.1951875537633896
2904.5110278129578 0.191969096660614
2908.8514490127563 0.19178275763988495
2913.1964321136475 0.19485974311828613
2917.6188220977783 0.18769018352031708
2921.978141784668 0.18889003992080688
2926.346022129059 0.23719161748886108
2930.707175731659 0.18512000143527985
2935.0603787899017 0.19822241365909576
2939.3842480182648 0.18771696090698242
2943.7316393852234 0.18504972755908966
2948.1207711696625 0.1980157494544983
2952.48632645607 0.1868126094341278
2956.833746910095 0.1854282021522522
2961.1618235111237 0.1888505071401596
2965.5587894916534 0.1853603720664978
2969.881225824356 0.19360223412513733
2974.211440563202 0.18791046738624573
2978.583978176117 0.18688005208969116
3007.294036388397 0.18659937381744385
3013.377766609192 0.1850086897611618
3017.808685541153 0.2003249078989029
3022.2527656555176 0.1882520318031311
3026.6535708904266 0.18424665927886963
3031.0555131435394 0.18795503675937653
3035.3880269527435 0.1868186742067337
3039.7833783626556 0.18691153824329376
3044.147737264633 0.20953872799873352
3048.5084817409515 0.1872098743915558
3052.8434863090515 0.1904405802488327
3057.1496868133545 0.1853591352701187
3061.4535942077637 0.18386684358119965
3065.7658281326294 0.19466476142406464
3070.0928609371185 0.18364064395427704
3074.40296125412 0.18306224048137665
3078.6854951381683 0.18545794486999512
3082.9856934547424 0.1847502440214157
3087.296527147293 0.1833265721797943
3091.6450674533844 0.1832047402858734
3095.9769475460052 0.23833657801151276
3100.3507118225098 0.18709231913089752
3104.6930804252625 0.18562711775302887
3109.0002171993256 0.23851802945137024
3113.2798075675964 0.1842014342546463
3117.643219232559 0.18256039917469025
3121.9950680732727 0.18813295662403107
3126.362603664398 0.27345559000968933
3130.707274198532 0.1843102127313614
3135.0477166175842 0.1837884485721588
3139.405064344406 0.18234781920909882
3143.766916513443 0.18371745944023132
3148.1321527957916 0.18315435945987701
3152.511067867279 0.1867402195930481
3156.8408782482147 0.18278880417346954
3161.19695019722 0.18320034444332123
3165.5204660892487 0.2616528868675232
3169.8543708324432 0.18309253454208374
3174.1954946517944 0.19602009654045105
3178.550972700119 0.21029925346374512
3206.8687760829926 0.18411515653133392
3213.0265271663666 0.18178370594978333
3217.427948474884 0.18666738271713257
3221.7500479221344 0.1926337331533432
3226.147311449051 0.1814911812543869
3230.558624267578 0.30399560928344727
3234.9739208221436 0.18152719736099243
3239.335950613022 0.18556134402751923
3243.6934628486633 0.18176399171352386
3248.0665576457977 0.18265044689178467
3252.406735897064 0.19909904897212982
3256.7761821746826 0.18080469965934753
3261.089704990387 0.18204660713672638
3265.4059677124023 0.20133665204048157
3269.7200469970703 0.18286511301994324
3273.983971118927 0.18558254837989807
3278.24413895607 0.19735607504844666
3282.5433015823364 0.18540434539318085
3286.8539640903473 0.1857644021511078
3291.135222196579 0.18174061179161072
3295.4043900966644 0.18016654253005981
3299.6894397735596 0.18688443303108215
3303.975436449051 0.18647287786006927
3308.305141687393 0.18829594552516937
3312.5948400497437 0.179795503616333
3316.9209027290344 0.18353554606437683
3321.228739261627 0.18176068365573883
3325.5452122688293 0.18083727359771729
3329.807604074478 0.20788058638572693
3334.1310477256775 0.18136096000671387
3338.447673559189 0.18042877316474915
3342.814011335373 0.18336403369903564
3347.117024421692 0.17929838597774506
3351.489837408066 0.1806616485118866
3355.828584909439 0.18479996919631958
3360.169959306717 0.1900927722454071
3364.497659444809 0.181610107421875
3368.918224096298 0.18172410130500793
3373.2393119335175 0.17935587465763092
3377.5398495197296 0.18162299692630768
3407.330496072769 0.19633567333221436
3413.4198071956635 0.18389664590358734
3417.8512501716614 0.18343126773834229
3422.268402338028 0.18095114827156067
3426.585871219635 0.2065693438053131
3430.975980758667 0.18181797862052917
3435.282093524933 0.1791996955871582
3439.645084142685 0.18142005801200867
3443.9962022304535 0.17829029262065887
3448.30003285408 0.17936894297599792
3452.6211211681366 0.18085435032844543
3456.9134583473206 0.1983311027288437
3461.2397968769073 0.2088005095720291
3465.5272471904755 0.1780315488576889
3469.8753538131714 0.17861497402191162
3474.160705804825 0.17768055200576782
3478.485460996628 0.1811070442199707
3482.844887495041 0.17788563668727875
3487.0940260887146 0.17913639545440674
3491.374139547348 0.17875009775161743
3495.6895434856415 0.17856256663799286
3500.018313884735 0.19491241872310638
3504.279782772064 0.17882561683654785
3508.562757730484 0.17753535509109497
3512.88467502594 0.17727555334568024
3517.256723165512 0.17797242105007172
3521.5620567798615 0.17811524868011475
3525.8856596946716 0.17889156937599182
3530.1946816444397 0.17945678532123566
3534.498722076416 0.17858923971652985
3538.8253972530365 0.17774124443531036
3543.146270751953 0.17905187606811523
3547.453003883362 0.17667068541049957
3551.7795441150665 0.1787043660879135
3556.120881319046 0.17804637551307678
3560.4581475257874 0.17866219580173492
3564.80441570282 0.17910750210285187
3569.1255865097046 0.18068096041679382
3573.4504425525665 0.18242955207824707
3577.7263355255127 0.1897573322057724
3603.7483747005463 0.18344229459762573
3609.787696123123 0.23547253012657166
3614.227556705475 0.17683908343315125
3618.729254961014 0.17825859785079956
3623.3460812568665 0.17644603550434113
3627.830228328705 0.18467356264591217
3632.30947637558 0.17878767848014832
3636.75151181221 0.17621681094169617
