18.65211033821106 0.21875
25.012328386306763 0.203125
29.51418685913086 0.2708333432674408
33.854708433151245 0.2890625
38.194355726242065 0.3062500059604645
42.5776789188385 0.3229166567325592
46.943230867385864 0.3125
51.269906759262085 0.34765625
55.62601900100708 0.3819444477558136
59.920881509780884 0.38749998807907104
64.22199416160583 0.3892045319080353
68.54901313781738 0.3984375
72.85345530509949 0.41826921701431274
77.1726143360138 0.4285714328289032
81.50300645828247 0.4375
85.79721093177795 0.443359375
90.08541464805603 0.46875
94.37732577323914 0.4809027910232544
98.6751160621643 0.4934210479259491
103.02885627746582 0.5093749761581421
107.30201053619385 0.523809552192688
111.58222675323486 0.53125
115.82191729545593 0.539402186870575
120.08875894546509 0.546875
124.36200404167175 0.5512499809265137
128.62544965744019 0.557692289352417
132.9481556415558 0.5706018805503845
137.28145718574524 0.5758928656578064
141.5407898426056 0.5840517282485962
145.8486931324005 0.5916666388511658
150.1337447166443 0.5987903475761414
154.4439287185669 0.6044921875
158.73410177230835 0.6136363744735718
163.0750801563263 0.6213235259056091
167.40141773223877 0.6258928775787354
171.71261596679688 0.6336805820465088
176.00932788848877 0.6402027010917664
180.3018651008606 0.6455591917037964
184.591388463974 0.651442289352417
188.87767577171326 0.655468761920929
217.44268560409546 0.71875
223.4714651107788 0.734375
227.85319876670837 0.7395833134651184
232.23229122161865 0.7421875
236.57723212242126 0.762499988079071
240.95100021362305 0.7708333134651184
245.3674030303955 0.7589285969734192
249.73577737808228 0.76171875
254.1113474369049 0.7604166865348816
258.5082712173462 0.768750011920929
262.8584260940552 0.7698863744735718
267.17027711868286 0.7786458134651184
271.5294213294983 0.776442289352417
275.89889430999756 0.78125
280.2988374233246 0.793749988079071
284.65420842170715 0.798828125
288.9879984855652 0.7977941036224365
293.33881974220276 0.7986111044883728
297.7006866931915 0.7976973652839661
301.97861647605896 0.7984374761581421
306.30453991889954 0.7961309552192688
310.5861437320709 0.7982954382896423
314.8495988845825 0.80027174949646
319.17089557647705 0.7981770634651184
323.49186968803406 0.8012499809265137
327.84528946876526 0.8040865659713745
332.26158142089844 0.8101851940155029
336.55375719070435 0.8125
340.88782572746277 0.8114224076271057
345.2311062812805 0.8135416507720947
349.5402388572693 0.8175403475761414
353.88457775115967 0.8203125
358.2151117324829 0.8229166865348816
362.509450674057 0.8253676295280457
366.85704135894775 0.824999988079071
371.15390515327454 0.8289930820465088
375.48464822769165 0.8302364945411682
379.826767206192 0.8330591917037964
384.1947982311249 0.8341346383094788
388.51336336135864 0.836718738079071
416.75002002716064 0.90625
422.7081868648529 0.890625
427.0754282474518 0.8541666865348816
431.4179017543793 0.84375
435.7150056362152 0.8500000238418579
440.0091767311096 0.8385416865348816
444.3003799915314 0.8526785969734192
448.5829977989197 0.86328125
452.7698333263397 0.8680555820465088
457.03202986717224 0.871874988079071
461.2762773036957 0.8693181872367859
465.51712584495544 0.8723958134651184
469.773334980011 0.879807710647583
473.94203424453735 0.8816964030265808
478.20160365104675 0.8895833492279053
482.5149347782135 0.888671875
486.742329120636 0.8897058963775635
490.98365116119385 0.8854166865348816
495.23818159103394 0.8898026347160339
499.46447825431824 0.890625
503.67360758781433 0.894345223903656
507.944109916687 0.8948863744735718
512.1789636611938 0.895380437374115
516.4707486629486 0.8958333134651184
520.7267727851868 0.8962500095367432
524.994912147522 0.8966346383094788
529.2831571102142 0.8969907164573669
533.6060888767242 0.8950892686843872
537.9416527748108 0.8954741358757019
542.2135591506958 0.8968750238418579
546.4668052196503 0.8951612710952759
550.7082748413086 0.89453125
555.0092666149139 0.8967803120613098
559.2632741928101 0.8952205777168274
563.5817685127258 0.8919642567634583
567.8370668888092 0.8888888955116272
572.100800037384 0.8893581032752991
576.3966422080994 0.890625
580.6803023815155 0.8902243375778198
584.9297726154327 0.891406238079071
613.0067636966705 0.9375
619.0156416893005 0.90625
623.4442095756531 0.90625
627.8055744171143 0.8828125
632.1769366264343 0.893750011920929
636.5258634090424 0.8958333134651184
640.8492243289948 0.8928571343421936
645.1847112178802 0.890625
649.4960820674896 0.8923611044883728
653.8418579101562 0.893750011920929
658.1659104824066 0.9034090638160706
662.4760899543762 0.9036458134651184
666.7542510032654 0.901442289352417
671.0755472183228 0.9017857313156128
675.3723621368408 0.8979166746139526
679.6466226577759 0.89453125
683.9547455310822 0.8952205777168274
688.2470965385437 0.8923611044883728
692.5432529449463 0.8898026347160339
696.8130745887756 0.8921874761581421
701.1019058227539 0.894345223903656
705.3618695735931 0.8977272510528564
709.6375005245209 0.89673912525177
713.9235713481903 0.8971354365348816
718.2110576629639 0.9012500047683716
722.5320751667023 0.901442289352417
726.8463490009308 0.9027777910232544
731.1725242137909 0.8995535969734192
735.5357112884521 0.899784505367279
739.8412208557129 0.9010416865348816
744.1548001766205 0.9012096524238586
748.4468719959259 0.9033203125
752.7730441093445 0.904356062412262
757.0987322330475 0.9053308963775635
761.3605716228485 0.90625
765.6528618335724 0.9036458134651184
769.9821434020996 0.9045608043670654
774.3095326423645 0.9054276347160339
778.5953886508942 0.90625
782.9589476585388 0.907031238079071
811.494580745697 0.90625
817.5077993869781 0.859375
822.0024445056915 0.8854166865348816
826.3943190574646 0.8671875
830.7717206478119 0.856249988079071
835.1734778881073 0.8645833134651184
839.5792419910431 0.875
843.970356464386 0.875
848.3730988502502 0.8784722089767456
852.7656052112579 0.887499988079071
857.0919923782349 0.8892045617103577
861.4617364406586 0.8932291865348816
865.827299118042 0.8918269276618958
870.1748232841492 0.890625
874.5290780067444 0.8895833492279053
878.8835537433624 0.890625
883.2151257991791 0.8933823704719543
887.5528547763824 0.8871527910232544
891.9319190979004 0.8815789222717285
896.2454845905304 0.8828125
900.5810477733612 0.882440447807312
904.8583431243896 0.8835227489471436
909.167090177536 0.8817934989929199
913.4764566421509 0.8828125
917.7700879573822 0.8862500190734863
922.1118719577789 0.8846153616905212
926.4299063682556 0.8865740895271301
930.745055437088 0.8850446343421936
935.0537102222443 0.8868534564971924
939.4165527820587 0.8885416388511658
943.774055480957 0.8901209831237793
948.0774209499359 0.890625
952.4131364822388 0.8901515007019043
956.7190461158752 0.888786792755127
961.0987310409546 0.8901785612106323
965.4369883537292 0.8932291865348816
969.7656526565552 0.8902027010917664
974.1650593280792 0.8914473652839661
978.5229589939117 0.8918269276618958
982.8957049846649 0.8929687738418579
1011.2243568897247 0.8125
1017.1702928543091 0.796875
1021.5265200138092 0.8333333134651184
1025.8679285049438 0.8515625
1030.143517255783 0.875
1034.4668340682983 0.875
1038.8400506973267 0.8794642686843872
1043.1673629283905 0.890625
1047.499174118042 0.8993055820465088
1051.823314189911 0.903124988079071
1056.12264418602 0.9090909361839294
1060.4338369369507 0.90625
1064.7116894721985 0.90625
1068.995065689087 0.90625
1073.3174271583557 0.9104166626930237
1077.549076795578 0.908203125
1081.7814049720764 0.908088207244873
1086.0740764141083 0.9097222089767456
1090.3258917331696 0.9078947305679321
1094.6294553279877 0.90625
1098.8620204925537 0.90625
1103.124754190445 0.9034090638160706
1107.4167444705963 0.90625
1111.6320757865906 0.9036458134651184
1115.8844065666199 0.9012500047683716
1120.1698625087738 0.9002403616905212
1124.4897873401642 0.8993055820465088
1128.7823631763458 0.8995535969734192
1133.0718381404877 0.9019396305084229
1137.2988753318787 0.9052083492279053
1141.5889284610748 0.9052419066429138
1145.8529057502747 0.908203125
1150.1789226531982 0.9090909361839294
1154.456901550293 0.9071691036224365
1158.8281161785126 0.9080356955528259
1163.1348669528961 0.9088541865348816
1167.4770939350128 0.9087837934494019
1171.7898480892181 0.9095394611358643
1176.0887477397919 0.9102563858032227
1180.390362739563 0.910937488079071
1208.525480747223 0.90625
1214.4961051940918 0.875
1218.870328426361 0.8645833134651184
1223.1817469596863 0.8671875
1227.4829258918762 0.887499988079071
1231.802062034607 0.8854166865348816
1236.1711750030518 0.8973214030265808
1240.4877829551697 0.89453125
1244.801843881607 0.8958333134651184
1249.1104426383972 0.903124988079071
1253.377567768097 0.9005681872367859
1257.7247169017792 0.9010416865348816
1262.0141632556915 0.8918269276618958
1266.2985372543335 0.890625
1270.5416905879974 0.8916666507720947
1274.837495803833 0.890625
1279.1263077259064 0.8952205777168274
1283.4125709533691 0.8958333134651184
1287.7233953475952 0.9013158082962036
1292.1231982707977 0.9046875238418579
1296.4397602081299 0.9092261791229248
1300.7137298583984 0.9090909361839294
1305.0355410575867 0.9089673757553101
1309.3533029556274 0.9088541865348816
1313.6847505569458 0.90625
1318.0244183540344 0.9038461446762085
1322.347872018814 0.9050925970077515
1326.7297163009644 0.90625
1331.0762939453125 0.9051724076271057
1335.3579771518707 0.9052083492279053
1339.6534769535065 0.9052419066429138
1343.9927251338959 0.90625
1348.3075761795044 0.904356062412262
1352.623305797577 0.9053308963775635
1356.9630422592163 0.90625
1361.277225971222 0.9045138955116272
1365.5657291412354 0.9054054021835327
1369.8922011852264 0.90625
1374.2109425067902 0.9070512652397156
1378.5351049900055 0.907031238079071
1407.6798536777496 0.96875
1413.6924059391022 0.921875
1418.1024188995361 0.9166666865348816
1422.4758009910583 0.9140625
1426.9154691696167 0.90625
1431.3543021678925 0.9010416865348816
1435.7178692817688 0.9107142686843872
1440.0835642814636 0.91796875
1444.5464301109314 0.9131944179534912
1448.9198262691498 0.909375011920929
1453.2777409553528 0.90625
1457.6482346057892 0.9114583134651184
1462.0279145240784 0.9134615659713745
1466.3874962329865 0.9174107313156128
1470.7362868785858 0.918749988079071
1475.1188387870789 0.91796875
1479.4159927368164 0.9154411554336548
1483.7173466682434 0.9184027910232544
1488.080326795578 0.9177631735801697
1492.3903331756592 0.9125000238418579
1496.7624063491821 0.9122023582458496
1501.1083755493164 0.9119318127632141
1505.4195742607117 0.9130434989929199
1509.704889535904 0.9140625
1514.024563550949 0.9150000214576721
1518.3432281017303 0.9122596383094788
1522.6972453594208 0.9131944179534912
1527.049522638321 0.9151785969734192
1531.3861587047577 0.9159482717514038
1535.7137489318848 0.9145833253860474
1540.0753378868103 0.9173387289047241
1544.4820795059204 0.91796875
1548.8410902023315 0.9176136255264282
1553.1464412212372 0.9163603186607361
1557.4719743728638 0.9178571701049805
1561.756074666977 0.9201388955116272
1566.1375727653503 0.9197635054588318
1570.524441242218 0.9194079041481018
1574.871630191803 0.9198718070983887
1579.1911911964417 0.9195312261581421
1607.7609741687775 0.8125
1613.9023156166077 0.84375
1618.253330230713 0.875
1622.62197971344 0.8828125
1626.9594540596008 0.893750011920929
1631.3107137680054 0.8958333134651184
1635.675758600235 0.9017857313156128
1639.991191625595 0.90234375
1644.3018198013306 0.9131944179534912
1648.6147210597992 0.903124988079071
1652.8996930122375 0.9090909361839294
1657.1497428417206 0.9114583134651184
1661.4535212516785 0.9086538553237915
1665.744726896286 0.90625
1670.033316373825 0.9020833373069763
1674.30490732193 0.900390625
1678.5551488399506 0.9025735259056091
1682.8644857406616 0.8993055820465088
1687.1438720226288 0.8996710777282715
1691.489690065384 0.8968750238418579
1695.704472541809 0.9002976417541504
1699.9535620212555 0.9005681872367859
1704.1467199325562 0.904891312122345
1708.4080111980438 0.9075520634651184
1712.7047204971313 0.9087499976158142
1716.9725878238678 0.9098557829856873
1721.242740392685 0.9085648059844971
1725.5504641532898 0.9095982313156128
1729.8629777431488 0.9073275923728943
1734.169921875 0.9104166626930237
1738.4508633613586 0.9112903475761414
1742.7955613136292 0.9091796875
1747.1015150547028 0.9100378751754761
1751.4096639156342 0.9090073704719543
1755.706923007965 0.9089285731315613
1759.956307888031 0.9097222089767456
1764.2483785152435 0.9079391956329346
1768.5208315849304 0.9078947305679321
1772.8236725330353 0.9086538553237915
1777.1089494228363 0.909375011920929
1806.351209640503 0.96875
1812.512013912201 0.953125
1816.9695754051208 0.9166666865348816
1821.4769096374512 0.90625
1825.9718165397644 0.925000011920929
1830.3967361450195 0.9375
1834.7636406421661 0.9464285969734192
1839.0869855880737 0.94921875
1843.406537771225 0.9444444179534912
1847.7231907844543 0.940625011920929
1852.0663783550262 0.9460227489471436
1856.380728006363 0.9453125
1860.7322790622711 0.9471153616905212
1865.076665878296 0.9375
1869.4274184703827 0.9395833611488342
1873.7612302303314 0.943359375
1878.0720171928406 0.9448529481887817
1882.3908948898315 0.9444444179534912
1886.67919754982 0.9473684430122375
1890.9968576431274 0.9468749761581421
1895.2843124866486 0.949404776096344
1899.5567100048065 0.9488636255264282
1903.8288960456848 0.9510869383811951
1908.1777939796448 0.953125
1912.4937055110931 0.9549999833106995
1916.8187987804413 0.953125
1921.1598076820374 0.9548611044883728
1925.5179126262665 0.9564732313156128
1929.8755600452423 0.9568965435028076
1934.2103912830353 0.9572916626930237
1938.6184113025665 0.9576612710952759
1942.9309356212616 0.9580078125
1947.2998385429382 0.9583333134651184
1951.594298362732 0.9595588445663452
1955.9488499164581 0.9598214030265808
1960.3164885044098 0.9609375
1964.6329312324524 0.9619932174682617
1968.9476146697998 0.9629934430122375
1973.2977113723755 0.9631410241127014
1977.7085568904877 0.9632812738418579
2006.8524525165558 0.96875
2012.8590338230133 0.984375
2017.2549884319305 0.9791666865348816
2021.678641319275 0.984375
2026.1010837554932 0.981249988079071
2030.5068418979645 0.984375
2034.883749961853 0.9776785969734192
2039.2826232910156 0.98046875
2043.6488599777222 0.9791666865348816
2048.083844423294 0.981249988079071
2052.448066473007 0.9801136255264282
2056.8620023727417 0.9817708134651184
2061.2209401130676 0.9831730723381042
2065.6526730060577 0.984375
2070.043454170227 0.9833333492279053
2074.438392162323 0.984375
2078.814989566803 0.9852941036224365
2083.1433403491974 0.9861111044883728
2087.478338956833 0.9851973652839661
2091.8290667533875 0.984375
2096.1416845321655 0.9851190447807312
2100.4369189739227 0.9857954382896423
2104.7549624443054 0.9864130616188049
2109.0369956493378 0.9856770634651184
2113.3346037864685 0.9862499833106995
2117.6319739818573 0.9867788553237915
2121.991533756256 0.9872685074806213
2126.3367989063263 0.9877232313156128
2130.660243034363 0.9881465435028076
2135.0210242271423 0.9885416626930237
2139.337280511856 0.9879032373428345
2143.632281064987 0.98828125
2147.957197904587 0.9886363744735718
2152.2828443050385 0.9889705777168274
2156.6135292053223 0.9892857074737549
2160.940310239792 0.9895833134651184
2165.270076274872 0.9881756901741028
2169.5614941120148 0.9884868264198303
2173.892828941345 0.9887820482254028
2178.218548297882 0.989062488079071
2207.1275198459625 0.9375
2213.1391303539276 0.96875
2217.5902874469757 0.9791666865348816
2222.005248069763 0.984375
2226.4044840335846 0.987500011920929
2230.817709684372 0.9895833134651184
2235.2575652599335 0.9821428656578064
2239.596017599106 0.984375
2243.924191713333 0.9861111044883728
2248.2984521389008 0.984375
2252.676685810089 0.9857954382896423
2257.032415151596 0.9791666865348816
2261.3706572055817 0.9807692170143127
2265.7047090530396 0.9821428656578064
2270.03280878067 0.9833333492279053
2274.3387401103973 0.982421875
2278.6599819660187 0.9834558963775635
2282.962035894394 0.984375
2287.3170025348663 0.9851973652839661
2291.553778409958 0.9859374761581421
2295.8080291748047 0.9866071343421936
2300.070562362671 0.9872159361839294
2304.341421842575 0.98777174949646
2308.5795822143555 0.98828125
2312.8529300689697 0.9887499809265137
2317.2378623485565 0.9879807829856873
2321.583916902542 0.9884259104728699
2325.8952107429504 0.9877232313156128
2330.2298386096954 0.9870689511299133
2334.581465244293 0.987500011920929
2338.9058117866516 0.9879032373428345
2343.19117975235 0.98828125
2347.4917278289795 0.9886363744735718
2351.8060371875763 0.9871323704719543
2356.0687363147736 0.987500011920929
2360.405788421631 0.9878472089767456
2364.7279884815216 0.9881756901741028
2368.9994461536407 0.9876644611358643
2373.2902495861053 0.9879807829856873
2377.6082289218903 0.98828125
2405.83558177948 0.96875
2411.9259493350983 0.984375
2416.404506444931 0.9895833134651184
2420.822391986847 0.9921875
2425.2032084465027 0.9937499761581421
2429.560933828354 0.9947916865348816
2433.95015668869 0.9955357313156128
2438.3305764198303 0.99609375
2442.707755088806 0.9965277910232544
2447.0488560199738 0.996874988079071
2451.3737773895264 0.9971590638160706
2455.7533056735992 0.9921875
2460.1558599472046 0.9903846383094788
2464.4959971904755 0.9910714030265808
2468.8574945926666 0.9916666746139526
2473.1890988349915 0.9921875
2477.5393567085266 0.9908088445663452
2481.8278098106384 0.9913194179534912
2486.125471830368 0.9917762875556946
2490.454948425293 0.9921875
2494.8225643634796 0.992559552192688
2499.1044974327087 0.9928977489471436
2503.4310808181763 0.9932065010070801
2507.733189344406 0.9921875
2512.1679995059967 0.9925000071525574
2516.49902009964 0.9927884340286255
2520.861424446106 0.9930555820465088
2525.227371931076 0.9933035969734192
2529.5888974666595 0.993534505367279
2533.950440645218 0.9937499761581421
2538.2995235919952 0.9939516186714172
2542.6637575626373 0.9931640625
2547.0464067459106 0.9933711886405945
2551.4312660694122 0.9935661554336548
2555.7973589897156 0.9937499761581421
2560.1311616897583 0.9939236044883728
2564.4943635463715 0.994087815284729
2568.842580318451 0.9942434430122375
2573.202233314514 0.9935897588729858
2577.5307104587555 0.9937499761581421
2606.098735332489 1.0
2612.288420677185 1.0
2616.769516468048 0.9791666865348816
2621.1698570251465 0.984375
2625.600433588028 0.987500011920929
2629.9929933547974 0.9895833134651184
2634.363733291626 0.9910714030265808
2638.7743628025055 0.9921875
2643.179888486862 0.9895833134651184
2647.5321509838104 0.987500011920929
2651.901995420456 0.9886363744735718
2656.3276150226593 0.984375
2660.6952114105225 0.9855769276618958
2665.0224027633667 0.9866071343421936
2669.4105083942413 0.987500011920929
2673.809313774109 0.98828125
2678.134119987488 0.9852941036224365
2682.4725906848907 0.9861111044883728
2686.8400881290436 0.9868420958518982
2691.1613323688507 0.987500011920929
2695.5074174404144 0.988095223903656
2699.8230249881744 0.9886363744735718
2704.1442363262177 0.98777174949646
2708.477720975876 0.9856770634651184
2712.791719198227 0.9850000143051147
2717.145616054535 0.9855769276618958
2721.492255449295 0.9861111044883728
2725.7829189300537 0.9854910969734192
2730.142694711685 0.985991358757019
2734.468554496765 0.9864583611488342
2738.774000644684 0.9868951439857483
2743.0939614772797 0.9873046875
2747.3857440948486 0.9876893758773804
2751.7491297721863 0.9880514740943909
2756.0788378715515 0.9883928298950195
2760.418212413788 0.9887152910232544
2764.753515481949 0.9890202879905701
2769.1280794143677 0.9893091917037964
2773.4637553691864 0.9895833134651184
2777.789741039276 0.989062488079071
2806.7067222595215 1.0
2812.722823858261 1.0
2817.1019735336304 0.9895833134651184
2821.5405807495117 0.9921875
2825.9543244838715 0.9937499761581421
2830.3853256702423 0.9895833134651184
2834.8026645183563 0.9910714030265808
2839.162169933319 0.9921875
2843.500372171402 0.9930555820465088
2847.8477675914764 0.9937499761581421
2852.1649940013885 0.9943181872367859
2856.5399644374847 0.9947916865348816
2860.90522313118 0.995192289352417
2865.277608394623 0.9933035969734192
2869.686430454254 0.9937499761581421
2874.0530984401703 0.994140625
2878.3974609375 0.9944853186607361
2882.7781541347504 0.9947916865348816
2887.1102538108826 0.9950658082962036
2891.475887298584 0.995312511920929
2895.8298828601837 0.9955357313156128
2900.186266899109 0.9957386255264282
2904.5110278129578 0.9959239363670349
2908.8514490127563 0.99609375
2913.1964321136475 0.9962499737739563
2917.6188220977783 0.9963942170143127
2921.978141784668 0.9965277910232544
2926.346022129059 0.9955357313156128
2930.707175731659 0.9956896305084229
2935.0603787899017 0.9958333373069763
2939.3842480182648 0.9959677457809448
2943.7316393852234 0.99609375
2948.1207711696625 0.9962121248245239
2952.48632645607 0.9963235259056091
2956.833746910095 0.9964285492897034
2961.1618235111237 0.9965277910232544
2965.5587894916534 0.9966216087341309
2969.881225824356 0.9967105388641357
2974.211440563202 0.9967948794364929
2978.583978176117 0.996874988079071
3007.294036388397 1.0
3013.377766609192 1.0
3017.808685541153 1.0
3022.2527656555176 1.0
3026.6535708904266 1.0
3031.0555131435394 1.0
3035.3880269527435 1.0
3039.7833783626556 1.0
3044.147737264633 0.9965277910232544
3048.5084817409515 0.996874988079071
3052.8434863090515 0.9971590638160706
3057.1496868133545 0.9973958134651184
3061.4535942077637 0.9975961446762085
3065.7658281326294 0.9977678656578064
3070.0928609371185 0.9979166388511658
3074.40296125412 0.998046875
3078.6854951381683 0.998161792755127
3082.9856934547424 0.9982638955116272
3087.296527147293 0.9983552694320679
3091.6450674533844 0.9984375238418579
3095.9769475460052 0.9970238208770752
3100.3507118225098 0.9971590638160706
3104.6930804252625 0.9972826242446899
3109.0002171993256 0.99609375
3113.2798075675964 0.9962499737739563
3117.643219232559 0.9963942170143127
3121.9950680732727 0.9965277910232544
3126.362603664398 0.9944196343421936
3130.707274198532 0.9946120977401733
3135.0477166175842 0.9947916865348816
3139.405064344406 0.9949596524238586
3143.766916513443 0.9951171875
3148.1321527957916 0.9952651262283325
3152.511067867279 0.9954044222831726
3156.8408782482147 0.9955357313156128
3161.19695019722 0.9956597089767456
3165.5204660892487 0.9949324131011963
3169.8543708324432 0.9950658082962036
3174.1954946517944 0.995192289352417
3178.550972700119 0.995312511920929
3206.8687760829926 1.0
3213.0265271663666 1.0
3217.427948474884 1.0
3221.7500479221344 1.0
3226.147311449051 1.0
3230.558624267578 0.984375
3234.9739208221436 0.9866071343421936
3239.335950613022 0.98828125
3243.6934628486633 0.9895833134651184
3248.0665576457977 0.9906250238418579
3252.406735897064 0.9914772510528564
3256.7761821746826 0.9921875
3261.089704990387 0.9927884340286255
3265.4059677124023 0.9933035969734192
3269.7200469970703 0.9937499761581421
3273.983971118927 0.994140625
3278.24413895607 0.9944853186607361
3282.5433015823364 0.9947916865348816
3286.8539640903473 0.9950658082962036
3291.135222196579 0.995312511920929
3295.4043900966644 0.9955357313156128
3299.6894397735596 0.9957386255264282
3303.975436449051 0.9959239363670349
3308.305141687393 0.99609375
3312.5948400497437 0.9962499737739563
3316.9209027290344 0.9963942170143127
3321.228739261627 0.9965277910232544
3325.5452122688293 0.9966517686843872
3329.807604074478 0.9956896305084229
3334.1310477256775 0.9958333373069763
3338.447673559189 0.9959677457809448
3342.814011335373 0.99609375
3347.117024421692 0.9962121248245239
3351.489837408066 0.9963235259056091
3355.828584909439 0.9964285492897034
3360.169959306717 0.9965277910232544
3364.497659444809 0.9966216087341309
3368.918224096298 0.9967105388641357
3373.2393119335175 0.9967948794364929
3377.5398495197296 0.996874988079071
3407.330496072769 1.0
3413.4198071956635 1.0
3417.8512501716614 1.0
3422.268402338028 1.0
3426.585871219635 0.9937499761581421
3430.975980758667 0.9947916865348816
3435.282093524933 0.9955357313156128
3439.645084142685 0.99609375
3443.9962022304535 0.9965277910232544
3448.30003285408 0.996874988079071
3452.6211211681366 0.9971590638160706
3456.9134583473206 0.9973958134651184
3461.2397968769073 0.995192289352417
3465.5272471904755 0.9955357313156128
3469.8753538131714 0.9958333373069763
3474.160705804825 0.99609375
3478.485460996628 0.9963235259056091
3482.844887495041 0.9965277910232544
3487.0940260887146 0.9967105388641357
3491.374139547348 0.996874988079071
3495.6895434856415 0.9970238208770752
3500.018313884735 0.9971590638160706
3504.279782772064 0.9972826242446899
3508.562757730484 0.9973958134651184
3512.88467502594 0.9975000023841858
3517.256723165512 0.9975961446762085
3521.5620567798615 0.9976851940155029
3525.8856596946716 0.9977678656578064
3530.1946816444397 0.9978448152542114
3534.498722076416 0.9979166388511658
3538.8253972530365 0.9979838728904724
3543.146270751953 0.998046875
3547.453003883362 0.998106062412262
3551.7795441150665 0.998161792755127
3556.120881319046 0.9982143044471741
3560.4581475257874 0.9982638955116272
3564.80441570282 0.9983108043670654
3569.1255865097046 0.9983552694320679
3573.4504425525665 0.9983974099159241
3577.7263355255127 0.9984375238418579
3603.7483747005463 1.0
3609.787696123123 0.984375
3614.227556705475 0.9895833134651184
3618.729254961014 0.9921875
3623.3460812568665 0.9937499761581421
3627.830228328705 0.9947916865348816
3632.30947637558 0.9955357313156128
3636.75151181221 0.99609375
