12.630430698394775 0.10546875
45.5098762512207 0.1025390625
73.65676808357239 0.109375
105.8490080833435 0.10546875
135.0463936328888 0.1015625
167.85485744476318 0.10595703125
196.50060892105103 0.0986328125
230.18830227851868 0.142578125
259.37186217308044 0.2197265625
293.910195350647 0.26416015625
322.6553509235382 0.2958984375
356.0278069972992 0.3701171875
385.0788805484772 0.453125
419.7767252922058 0.53515625
449.10839653015137 0.6025390625
483.73531126976013 0.6689453125
512.3016817569733 0.6826171875
547.0452518463135 0.74560546875
576.2703678607941 0.7177734375
610.733544588089 0.787109375
639.8876461982727 0.7822265625
674.0349595546722 0.833984375
702.7714402675629 0.814453125
736.6677808761597 0.85400390625
766.3044626712799 0.841796875
799.4906194210052 0.8603515625
828.7954235076904 0.8662109375
862.8347344398499 0.89013671875
892.0778048038483 0.8642578125
926.3787519931793 0.8935546875
955.5554754734039 0.8857421875
988.8159294128418 0.9033203125
1017.7462899684906 0.900390625
1051.8121020793915 0.92236328125
1081.5127565860748 0.9111328125
1116.3738787174225 0.9287109375
1145.1455583572388 0.869140625
1180.3554532527924 0.91015625
1209.4494276046753 0.9169921875
1244.0706584453583 0.9267578125
1273.5824174880981 0.919921875
1308.1779642105103 0.93359375
