12.630430698394775 4.372005939483643
45.5098762512207 7.175900459289551
73.65676808357239 6.821508407592773
105.8490080833435 5.572460174560547
135.0463936328888 5.331330299377441
167.85485744476318 4.484036445617676
196.50060892105103 4.319561004638672
230.18830227851868 3.556985378265381
259.37186217308044 3.33207631111145
293.910195350647 2.795417547225952
322.6553509235382 2.725273370742798
356.0278069972992 2.192063093185425
385.0788805484772 2.155930519104004
419.7767252922058 1.5848844051361084
449.10839653015137 1.625482439994812
483.73531126976013 1.1728664636611938
512.3016817569733 1.3291778564453125
547.0452518463135 0.89783775806427
576.2703678607941 1.074939489364624
610.733544588089 0.6918965578079224
639.8876461982727 0.9288227558135986
674.0349595546722 0.5974633693695068
702.7714402675629 0.8279861807823181
736.6677808761597 0.5245921611785889
766.3044626712799 0.6736237406730652
799.4906194210052 0.5178462862968445
828.7954235076904 0.5938588380813599
862.8347344398499 0.4491060674190521
892.0778048038483 0.6071224212646484
926.3787519931793 0.4258153438568115
955.5554754734039 0.5697265863418579
988.8159294128418 0.4285845160484314
1017.7462899684906 0.48869991302490234
1051.8121020793915 0.3809521794319153
1081.5127565860748 0.48475217819213867
1116.3738787174225 0.3748900890350342
1145.1455583572388 0.6216025948524475
1180.3554532527924 0.3470974266529083
1209.4494276046753 0.4411821663379669
1244.0706584453583 0.3831866979598999
1273.5824174880981 0.44214051961898804
1308.1779642105103 0.3456452488899231
