13.147207021713257 0.203125
19.563824892044067 0.1953125
24.346736669540405 0.203125
29.06066346168518 0.2109375
33.78303837776184 0.25
38.50185465812683 0.2630208432674408
43.16084885597229 0.2991071343421936
47.894975662231445 0.328125
52.595033407211304 0.3472222089767456
57.25292229652405 0.35624998807907104
61.94118404388428 0.3735795319080353
66.60519433021545 0.38671875
71.21886372566223 0.40625
75.90057849884033 0.4241071343421936
80.5400698184967 0.4427083432674408
85.19491744041443 0.462890625
89.80429100990295 0.4742647111415863
94.4816586971283 0.4869791567325592
99.04598498344421 0.5016447305679321
103.67918992042542 0.5140625238418579
128.36930131912231 0.78125
134.89026713371277 0.8046875
139.6190459728241 0.78125
144.3443202972412 0.79296875
149.05742931365967 0.793749988079071
153.7654755115509 0.796875
158.44667053222656 0.8035714030265808
163.16415429115295 0.806640625
167.86620831489563 0.796875
172.5377230644226 0.7984374761581421
177.2133195400238 0.8039772510528564
181.89398217201233 0.8111979365348816
186.58333444595337 0.8149038553237915
191.30236220359802 0.8169642686843872
196.0073082447052 0.8208333253860474
200.71539640426636 0.826171875
205.3864941596985 0.8226103186607361
210.03185439109802 0.8194444179534912
214.76493501663208 0.8231908082962036
219.43359661102295 0.8257812261581421
244.18857336044312 0.890625
250.6003704071045 0.8671875
255.27603363990784 0.84375
259.9320466518402 0.8515625
264.76147079467773 0.859375
269.4560115337372 0.8489583134651184
274.1387429237366 0.84375
278.8205518722534 0.8515625
283.48078203201294 0.8489583134651184
288.09497117996216 0.8531249761581421
292.74586033821106 0.8522727489471436
297.4719457626343 0.8528645634651184
302.16536808013916 0.8533653616905212
306.88412857055664 0.8504464030265808
311.6017665863037 0.8541666865348816
316.28095412254333 0.859375
320.989337682724 0.8584558963775635
325.61891984939575 0.8550347089767456
330.3292062282562 0.8569079041481018
335.0012261867523 0.858593761920929
359.5016529560089 0.90625
365.82446002960205 0.90625
370.61014699935913 0.9114583134651184
375.318950176239 0.90625
379.98924446105957 0.903124988079071
384.6237893104553 0.8958333134651184
389.3262221813202 0.8883928656578064
394.02861762046814 0.888671875
398.68241572380066 0.8836805820465088
403.3494782447815 0.887499988079071
408.1397407054901 0.8892045617103577
412.96276926994324 0.88671875
417.6562418937683 0.885817289352417
422.28391909599304 0.8839285969734192
426.9035167694092 0.8885416388511658
431.58930134773254 0.8916015625
436.3164429664612 0.890625
441.03338289260864 0.8888888955116272
445.71594190597534 0.8889802694320679
450.35476636886597 0.8921874761581421
474.98326349258423 0.890625
481.4444179534912 0.8828125
486.23450469970703 0.8645833134651184
491.0199501514435 0.86328125
495.84026980400085 0.8656250238418579
500.6212065219879 0.8671875
505.3544442653656 0.8727678656578064
510.0777726173401 0.880859375
514.7685029506683 0.8802083134651184
519.5398616790771 0.887499988079071
524.2728021144867 0.8920454382896423
528.9387917518616 0.8958333134651184
533.6473770141602 0.895432710647583
538.3328015804291 0.8939732313156128
543.0332140922546 0.8989583253860474
547.7118990421295 0.90234375
552.4731888771057 0.9034926295280457
557.1393554210663 0.9045138955116272
561.8396737575531 0.9078947305679321
566.5487780570984 0.907031238079071
590.9108605384827 0.921875
597.3369505405426 0.890625
602.0911169052124 0.9114583134651184
606.7584736347198 0.90625
611.442307472229 0.903124988079071
616.0602588653564 0.9010416865348816
620.8306257724762 0.9151785969734192
625.4548048973083 0.919921875
630.1160151958466 0.9184027910232544
634.8090472221375 0.918749988079071
639.4139468669891 0.9161931872367859
644.0925600528717 0.91796875
648.687397480011 0.9146634340286255
653.2985510826111 0.9129464030265808
657.996425151825 0.9156249761581421
662.6614291667938 0.9169921875
667.2968468666077 0.9154411554336548
671.8977072238922 0.9140625
676.5482630729675 0.9169408082962036
681.2273378372192 0.914843738079071
706.0743527412415 0.96875
712.4364054203033 0.9453125
717.0906085968018 0.9375
721.748162984848 0.92578125
726.415510892868 0.918749988079071
731.0707576274872 0.9140625
735.8081169128418 0.9129464030265808
740.4824259281158 0.916015625
745.0815217494965 0.9149305820465088
749.7395710945129 0.910937488079071
754.343861579895 0.9119318127632141
758.9318962097168 0.9127604365348816
763.5348560810089 0.9098557829856873
768.1975183486938 0.9107142686843872
772.7784242630005 0.9125000238418579
777.4284205436707 0.9169921875
781.9788098335266 0.9154411554336548
786.6210844516754 0.9157986044883728
791.2616384029388 0.9169408082962036
795.8993034362793 0.918749988079071
820.5173230171204 0.953125
827.0749936103821 0.9375
831.8700194358826 0.9270833134651184
836.673333644867 0.92578125
841.453150510788 0.9312499761581421
846.2382249832153 0.9244791865348816
850.9931852817535 0.921875
855.7416551113129 0.927734375
860.4502186775208 0.9253472089767456
865.1711802482605 0.9234374761581421
869.9279236793518 0.921875
874.7351078987122 0.9192708134651184
879.4248747825623 0.921875
884.0943505764008 0.921875
888.8255746364594 0.9229166507720947
893.5582740306854 0.923828125
898.3352134227753 0.921875
903.0353627204895 0.9201388955116272
907.7846999168396 0.9194079041481018
912.4911768436432 0.921093761920929
936.6241743564606 0.984375
943.0809233188629 0.9609375
947.7940833568573 0.9479166865348816
952.63165807724 0.94140625
957.3417365550995 0.9375
962.0528547763824 0.921875
966.7748336791992 0.9263392686843872
971.5559449195862 0.9296875
976.3300974369049 0.9184027910232544
981.0709772109985 0.9156249761581421
985.8839213848114 0.9133522510528564
990.628940820694 0.9153645634651184
995.3781924247742 0.911057710647583
1000.0700845718384 0.9095982313156128
1004.7611682415009 0.9145833253860474
1009.4338018894196 0.9189453125
1014.180588722229 0.9209558963775635
1018.9015727043152 0.9184027910232544
1023.6236073970795 0.9169408082962036
1028.3611061573029 0.9156249761581421
1053.8137893676758 0.921875
1060.2935588359833 0.921875
1065.1705112457275 0.9270833134651184
1069.9122400283813 0.92578125
1074.734435558319 0.9375
1079.4907698631287 0.9427083134651184
1084.209638595581 0.9464285969734192
1088.9585092067719 0.94921875
1093.746960401535 0.9496527910232544
1098.5055015087128 0.949999988079071
1103.244244813919 0.9517045617103577
1107.9975244998932 0.9544270634651184
1112.6780893802643 0.957932710647583
1117.4198739528656 0.9598214030265808
1122.1803002357483 0.9624999761581421
1126.8396863937378 0.96484375
1131.5573282241821 0.9641544222831726
1136.2726204395294 0.9652777910232544
1140.9854021072388 0.9662829041481018
1145.7156269550323 0.9664062261581421
1170.4077501296997 1.0
1176.8156456947327 0.984375
1181.5316605567932 0.984375
1186.4023909568787 0.984375
1191.1450748443604 0.984375
1195.9206202030182 0.984375
1200.6720888614655 0.9866071343421936
1205.4410259723663 0.98828125
1210.153829574585 0.9861111044883728
1214.80761885643 0.981249988079071
1219.521690607071 0.9815340638160706
1224.2029461860657 0.9817708134651184
1228.8732256889343 0.9819711446762085
1233.6181676387787 0.9832589030265808
1238.2893912792206 0.984375
1242.9961788654327 0.984375
1247.708401441574 0.984375
1252.4527854919434 0.9835069179534912
1257.1818799972534 0.984375
1261.9043130874634 0.985156238079071
1286.5739960670471 1.0
1292.9686634540558 1.0
1297.7018992900848 0.9947916865348816
1302.402099609375 0.99609375
1307.120930671692 0.996874988079071
1311.7573540210724 0.9947916865348816
1316.4993155002594 0.9933035969734192
1321.2251188755035 0.9921875
1325.852088689804 0.9913194179534912
1330.5510544776917 0.989062488079071
1335.279489994049 0.9900568127632141
1339.9629230499268 0.9895833134651184
1344.5880312919617 0.9903846383094788
1349.3048951625824 0.9910714030265808
1354.1239380836487 0.9916666746139526
1358.8406703472137 0.9921875
1363.5110807418823 0.9926470518112183
1368.1995708942413 0.9921875
1372.8728017807007 0.9909539222717285
1377.551851272583 0.991406261920929
1402.1176056861877 1.0
1408.6195051670074 1.0
1413.3394649028778 0.9791666865348816
1418.067526102066 0.984375
1422.7827589511871 0.987500011920929
1427.5546147823334 0.9895833134651184
1432.3467237949371 0.9910714030265808
1436.9733021259308 0.990234375
1441.6509175300598 0.9895833134651184
1446.4170813560486 0.9906250238418579
1451.1045711040497 0.9914772510528564
1455.7444512844086 0.9921875
1460.441843032837 0.9927884340286255
1465.174131155014 0.9933035969734192
1469.8233511447906 0.9937499761581421
1474.4918875694275 0.994140625
1479.1740605831146 0.9935661554336548
1483.8975019454956 0.9939236044883728
1488.6549954414368 0.9942434430122375
1493.3055820465088 0.9945312738418579
1517.5007832050323 1.0
1523.874663591385 1.0
1528.5427877902985 1.0
1533.2334508895874 1.0
1537.9201529026031 1.0
1542.654640674591 1.0
1547.323088645935 0.9977678656578064
1551.9595050811768 0.998046875
1556.543920993805 0.9982638955116272
1561.229490995407 0.9984375238418579
1565.8458504676819 0.9985795617103577
1570.4654624462128 0.9986979365348816
1575.1024119853973 0.9975961446762085
1579.7449684143066 0.9977678656578064
1584.3699159622192 0.9979166388511658
1589.0001430511475 0.998046875
1593.6154961585999 0.998161792755127
1598.2947630882263 0.9982638955116272
1603.0055184364319 0.9983552694320679
1607.7265181541443 0.9984375238418579
1632.488433599472 1.0
1638.8997271060944 1.0
1643.6719193458557 1.0
1648.3900928497314 1.0
1653.1577208042145 1.0
1657.8669610023499 1.0
1662.5420336723328 1.0
1667.2124273777008 1.0
1671.8965499401093 1.0
1676.6358273029327 1.0
1681.2919414043427 1.0
1685.9819424152374 1.0
1690.6281180381775 1.0
1695.3215959072113 1.0
1699.9876246452332 1.0
1704.7027456760406 0.9990234375
1709.3668656349182 0.9990808963775635
1714.059999704361 0.9991319179534912
1718.6965992450714 0.9991776347160339
1723.3852260112762 0.999218761920929
1747.863740682602 1.0
1754.3323221206665 1.0
1759.121363401413 0.9947916865348816
1763.914047718048 0.99609375
1768.6614792346954 0.996874988079071
1773.4936780929565 0.9973958134651184
1778.1971697807312 0.9977678656578064
1782.952985048294 0.998046875
1787.7028064727783 0.9982638955116272
1792.5022602081299 0.9984375238418579
1797.2007148265839 0.9985795617103577
1801.8740720748901 0.9986979365348816
1806.5177700519562 0.9987980723381042
1811.2699313163757 0.9988839030265808
1815.9295513629913 0.9989583492279053
1820.6131851673126 0.9990234375
1825.3253843784332 0.9990808963775635
1830.056265115738 0.9991319179534912
1834.7962038516998 0.9991776347160339
1839.490267276764 0.999218761920929
1864.426071882248 1.0
1870.9441068172455 1.0
1875.7318329811096 1.0
1880.542047739029 0.99609375
1885.24911570549 0.996874988079071
1889.9542787075043 0.9973958134651184
1894.6559646129608 0.9977678656578064
1899.3782863616943 0.998046875
1904.0674636363983 0.9965277910232544
1908.758241891861 0.996874988079071
1913.385668039322 0.9971590638160706
1918.0717401504517 0.9973958134651184
1922.7217936515808 0.9975961446762085
1927.365552186966 0.9977678656578064
1932.0732688903809 0.9979166388511658
1936.8003315925598 0.998046875
1941.4585461616516 0.998161792755127
1946.1957414150238 0.9982638955116272
1950.8881313800812 0.9983552694320679
1955.553819179535 0.9984375238418579
1979.839982509613 1.0
1986.3400509357452 1.0
1991.1207528114319 1.0
1995.928970336914 1.0
2000.6750762462616 1.0
2005.3807356357574 1.0
2010.0979206562042 1.0
2014.7845902442932 1.0
2019.530639886856 1.0
2024.1990342140198 1.0
2028.9398052692413 1.0
2033.6090822219849 1.0
2038.282797574997 1.0
2042.9337680339813 1.0
2047.6028656959534 1.0
2052.235087633133 1.0
2056.9642004966736 1.0
2061.6420664787292 1.0
2066.3009111881256 1.0
2070.9912254810333 1.0
2095.6879596710205 1.0
2102.0858659744263 1.0
2106.893074989319 1.0
2111.601246356964 1.0
