13.147207021713257 4.21174955368042
19.563824892044067 2.815268039703369
24.346736669540405 2.6809256076812744
29.06066346168518 2.6364049911499023
33.78303837776184 2.2946925163269043
38.50185465812683 2.3351659774780273
43.16084885597229 1.9622879028320312
47.894975662231445 1.8797266483306885
52.595033407211304 1.9873683452606201
57.25292229652405 1.9308059215545654
61.94118404388428 1.589189052581787
66.60519433021545 1.719444751739502
71.21886372566223 1.4018746614456177
75.90057849884033 1.33576238155365
80.5400698184967 1.1704397201538086
85.19491744041443 0.9918067455291748
89.80429100990295 1.3753936290740967
94.4816586971283 1.1982959508895874
99.04598498344421 0.9923326969146729
103.67918992042542 0.9447649717330933
128.36930131912231 0.8298826217651367
134.89026713371277 0.784325897693634
139.6190459728241 0.9945445656776428
144.3443202972412 0.8172439932823181
149.05742931365967 0.8380920886993408
153.7654755115509 0.7919280529022217
158.44667053222656 0.7149856686592102
163.16415429115295 0.7105214595794678
167.86620831489563 1.0673351287841797
172.5377230644226 0.7763724327087402
177.2133195400238 0.8067100048065186
181.89398217201233 0.676494836807251
186.58333444595337 0.6970440149307251
191.30236220359802 0.6471959352493286
196.0073082447052 0.5780799984931946
200.71539640426636 0.6031321883201599
205.3864941596985 0.8688945770263672
210.03185439109802 0.8256977796554565
214.76493501663208 0.5862915515899658
219.43359661102295 0.6572765111923218
244.18857336044312 0.663544237613678
250.6003704071045 0.7430499792098999
255.27603363990784 0.8013480305671692
259.9320466518402 0.6461038589477539
264.76147079467773 0.5278805494308472
269.4560115337372 0.8321285247802734
274.1387429237366 0.7567967176437378
278.8205518722534 0.540403425693512
283.48078203201294 0.8781684637069702
288.09497117996216 0.5779328346252441
292.74586033821106 0.680108904838562
297.4719457626343 0.5682801008224487
302.16536808013916 0.6075140237808228
306.88412857055664 0.7273536920547485
311.6017665863037 0.4957362413406372
316.28095412254333 0.4809688925743103
320.989337682724 0.7326451539993286
325.61891984939575 0.7809875011444092
330.3292062282562 0.6033306121826172
335.0012261867523 0.6196917295455933
359.5016529560089 0.6343668699264526
365.82446002960205 0.6416985988616943
370.61014699935913 0.5660979747772217
375.318950176239 0.678252100944519
379.98924446105957 0.6031384468078613
384.6237893104553 0.6889997720718384
389.3262221813202 0.6316646337509155
394.02861762046814 0.536756694316864
398.68241572380066 0.7768187522888184
403.3494782447815 0.5825796723365784
408.1397407054901 0.5136666893959045
412.96276926994324 0.6408077478408813
417.6562418937683 0.5709905624389648
422.28391909599304 0.6465498208999634
426.9035167694092 0.4365254342556
431.58930134773254 0.46648573875427246
436.3164429664612 0.6602227687835693
441.03338289260864 0.7212531566619873
445.71594190597534 0.5416052341461182
450.35476636886597 0.5577467679977417
474.98326349258423 0.6297783851623535
481.4444179534912 0.61897873878479
486.23450469970703 0.7107987403869629
491.0199501514435 0.6730841994285583
495.84026980400085 0.5957930088043213
500.6212065219879 0.6121537685394287
505.3544442653656 0.612331748008728
510.0777726173401 0.4649360775947571
514.7685029506683 0.6634583473205566
519.5398616790771 0.5369707942008972
524.2728021144867 0.5583194494247437
528.9387917518616 0.4972049593925476
533.6473770141602 0.6097220778465271
538.3328015804291 0.6701697111129761
543.0332140922546 0.4423258900642395
547.7118990421295 0.4831448793411255
552.4731888771057 0.5513789653778076
557.1393554210663 0.595557451248169
561.8396737575531 0.4438304901123047
566.5487780570984 0.5699225664138794
590.9108605384827 0.5386327505111694
597.3369505405426 0.6238507032394409
602.0911169052124 0.49727150797843933
606.7584736347198 0.5908879041671753
611.442307472229 0.6402672529220581
616.0602588653564 0.6499917507171631
620.8306257724762 0.4099206030368805
625.4548048973083 0.47846078872680664
630.1160151958466 0.6896133422851562
634.8090472221375 0.5675113201141357
639.4139468669891 0.667123556137085
644.0925600528717 0.4983223080635071
648.687397480011 0.5704790353775024
653.2985510826111 0.6335758566856384
657.996425151825 0.4704650044441223
662.6614291667938 0.5383707284927368
667.2968468666077 0.6362571120262146
671.8977072238922 0.654263973236084
676.5482630729675 0.4431583285331726
681.2273378372192 0.6982128620147705
706.0743527412415 0.4896777868270874
712.4364054203033 0.5868626832962036
717.0906085968018 0.5660463571548462
721.748162984848 0.6437398791313171
726.415510892868 0.5967963933944702
731.0707576274872 0.585336446762085
735.8081169128418 0.6263111233711243
740.4824259281158 0.5219273567199707
745.0815217494965 0.7073850631713867
749.7395710945129 0.6935136318206787
754.343861579895 0.6364489197731018
758.9318962097168 0.6285701990127563
763.5348560810089 0.5820699334144592
768.1975183486938 0.5531264543533325
772.7784242630005 0.4730437994003296
777.4284205436707 0.4468878507614136
781.9788098335266 0.6319091320037842
786.6210844516754 0.5653438568115234
791.2616384029388 0.4783596992492676
795.8993034362793 0.4964667856693268
820.5173230171204 0.5225744843482971
827.0749936103821 0.609502911567688
831.8700194358826 0.6381402015686035
836.673333644867 0.631286084651947
841.453150510788 0.4943011403083801
846.2382249832153 0.614163339138031
850.9931852817535 0.5494826436042786
855.7416551113129 0.4830170273780823
860.4502186775208 0.6527553200721741
865.1711802482605 0.5853860974311829
869.9279236793518 0.6258702278137207
874.7351078987122 0.5699547529220581
879.4248747825623 0.5478761196136475
884.0943505764008 0.5486139059066772
888.8255746364594 0.499218612909317
893.5582740306854 0.46713781356811523
898.3352134227753 0.6083872318267822
903.0353627204895 0.6273980140686035
907.7846999168396 0.5222271680831909
912.4911768436432 0.5404528975486755
936.6241743564606 0.43874984979629517
943.0809233188629 0.5943082571029663
947.7940833568573 0.5938069224357605
952.63165807724 0.6404924988746643
957.3417365550995 0.5163758397102356
962.0528547763824 0.7494380474090576
966.7748336791992 0.46317487955093384
971.5559449195862 0.5172899961471558
976.3300974369049 0.8782484531402588
981.0709772109985 0.5820037126541138
985.8839213848114 0.6121158599853516
990.628940820694 0.5136090517044067
995.3781924247742 0.6777505874633789
1000.0700845718384 0.6113928556442261
1004.7611682415009 0.43841129541397095
1009.4338018894196 0.4395638108253479
1014.180588722229 0.5281487703323364
1018.9015727043152 0.6185300350189209
1023.6236073970795 0.6292116641998291
1028.3611061573029 0.6711539030075073
1053.8137893676758 0.6285252571105957
1060.2935588359833 0.5863037109375
1065.1705112457275 0.5084083080291748
1069.9122400283813 0.4815939962863922
1074.734435558319 0.4190754294395447
1079.4907698631287 0.4135034382343292
1084.209638595581 0.4388948380947113
1088.9585092067719 0.41318294405937195
1093.746960401535 0.4835752844810486
1098.5055015087128 0.44143354892730713
1103.244244813919 0.39929428696632385
1107.9975244998932 0.3638024926185608
1112.6780893802643 0.3533713221549988
1117.4198739528656 0.3785010576248169
1122.1803002357483 0.32747751474380493
1126.8396863937378 0.3497427701950073
1131.5573282241821 0.3937872052192688
1136.2726204395294 0.36896783113479614
1140.9854021072388 0.34778061509132385
1145.7156269550323 0.3734787702560425
1170.4077501296997 0.3220285177230835
1176.8156456947327 0.3674986958503723
1181.5316605567932 0.3443595767021179
1186.4023909568787 0.3421928882598877
1191.1450748443604 0.3384925425052643
1195.9206202030182 0.34743720293045044
1200.6720888614655 0.3141745924949646
1205.4410259723663 0.30965882539749146
1210.153829574585 0.42542165517807007
1214.80761885643 0.38163959980010986
1219.521690607071 0.3274014890193939
1224.2029461860657 0.3516603708267212
1228.8732256889343 0.30725032091140747
1233.6181676387787 0.30122342705726624
1238.2893912792206 0.2873854637145996
1242.9961788654327 0.3080311715602875
1247.708401441574 0.3328709304332733
1252.4527854919434 0.338581383228302
1257.1818799972534 0.2923209071159363
1261.9043130874634 0.2872428596019745
1286.5739960670471 0.28494367003440857
1292.9686634540558 0.29698431491851807
1297.7018992900848 0.31092292070388794
1302.402099609375 0.2798382043838501
1307.120930671692 0.2802947461605072
1311.7573540210724 0.30531972646713257
1316.4993155002594 0.2844330668449402
1321.2251188755035 0.29117679595947266
1325.852088689804 0.309921532869339
1330.5510544776917 0.3523233234882355
1335.279489994049 0.2637585997581482
1339.9629230499268 0.29497966170310974
1344.5880312919617 0.25869467854499817
1349.3048951625824 0.2689811885356903
1354.1239380836487 0.2518908679485321
1358.8406703472137 0.25121793150901794
1363.5110807418823 0.24877405166625977
1368.1995708942413 0.2624204456806183
1372.8728017807007 0.29523009061813354
1377.551851272583 0.2500131130218506
1402.1176056861877 0.25707319378852844
1408.6195051670074 0.26074469089508057
1413.3394649028778 0.36302757263183594
1418.067526102066 0.23854291439056396
1422.7827589511871 0.23652124404907227
1427.5546147823334 0.23783841729164124
1432.3467237949371 0.23543216288089752
1436.9733021259308 0.27031806111335754
1441.6509175300598 0.26356661319732666
1446.4170813560486 0.24001535773277283
1451.1045711040497 0.2286330908536911
1455.7444512844086 0.23438169062137604
1460.441843032837 0.2229006439447403
1465.174131155014 0.22939644753932953
1469.8233511447906 0.21971175074577332
1474.4918875694275 0.22557060420513153
1479.1740605831146 0.24159377813339233
1483.8975019454956 0.23595209419727325
1488.6549954414368 0.2222478687763214
1493.3055820465088 0.2136644870042801
1517.5007832050323 0.21149225533008575
1523.874663591385 0.21586354076862335
1528.5427877902985 0.21302801370620728
1533.2334508895874 0.21381179988384247
1537.9201529026031 0.21802765130996704
1542.654640674591 0.20899422466754913
1547.323088645935 0.2362971007823944
1551.9595050811768 0.20648814737796783
1556.543920993805 0.2107616662979126
1561.229490995407 0.20752498507499695
1565.8458504676819 0.21228565275669098
1570.4654624462128 0.20189668238162994
1575.1024119853973 0.267423540353775
1579.7449684143066 0.19734196364879608
1584.3699159622192 0.1959785372018814
1589.0001430511475 0.2023232877254486
1593.6154961585999 0.19762225449085236
1598.2947630882263 0.19859154522418976
1603.0055184364319 0.19549091160297394
1607.7265181541443 0.19557130336761475
1632.488433599472 0.20400933921337128
1638.8997271060944 0.20267777144908905
1643.6719193458557 0.20584717392921448
1648.3900928497314 0.20066261291503906
1653.1577208042145 0.19441771507263184
1657.8669610023499 0.19604022800922394
1662.5420336723328 0.19439294934272766
1667.2124273777008 0.19476619362831116
1671.8965499401093 0.20794565975666046
1676.6358273029327 0.19721880555152893
1681.2919414043427 0.1941743642091751
1685.9819424152374 0.19655129313468933
1690.6281180381775 0.19578245282173157
1695.3215959072113 0.19656968116760254
1699.9876246452332 0.19359207153320312
1704.7027456760406 0.22708114981651306
1709.3668656349182 0.19469480216503143
1714.059999704361 0.19383104145526886
1718.6965992450714 0.19313301146030426
1723.3852260112762 0.19235490262508392
1747.863740682602 0.19654320180416107
1754.3323221206665 0.1924608200788498
1759.121363401413 0.22262436151504517
1763.914047718048 0.19256006181240082
1768.6614792346954 0.1918875277042389
1773.4936780929565 0.1923275589942932
1778.1971697807312 0.19362729787826538
1782.952985048294 0.19342155754566193
1787.7028064727783 0.202628955245018
1792.5022602081299 0.19217853248119354
1797.2007148265839 0.1910376250743866
1801.8740720748901 0.1950054168701172
1806.5177700519562 0.19825366139411926
1811.2699313163757 0.19838090240955353
1815.9295513629913 0.1902979463338852
1820.6131851673126 0.19437317550182343
1825.3253843784332 0.1967916041612625
1830.056265115738 0.19547449052333832
1834.7962038516998 0.19005928933620453
1839.490267276764 0.19711069762706757
1864.426071882248 0.1949528604745865
1870.9441068172455 0.19412793219089508
1875.7318329811096 0.19080261886119843
1880.542047739029 0.2281910628080368
1885.24911570549 0.1907372772693634
1889.9542787075043 0.1897391676902771
1894.6559646129608 0.18945641815662384
1899.3782863616943 0.18967773020267487
1904.0674636363983 0.20749983191490173
1908.758241891861 0.19577842950820923
1913.385668039322 0.18890689313411713
1918.0717401504517 0.18988464772701263
1922.7217936515808 0.1907702386379242
1927.365552186966 0.19179412722587585
1932.0732688903809 0.18722577393054962
1936.8003315925598 0.19245705008506775
1941.4585461616516 0.1882140338420868
1946.1957414150238 0.1919829547405243
1950.8881313800812 0.18760623037815094
1955.553819179535 0.19542628526687622
1979.839982509613 0.18849338591098785
1986.3400509357452 0.1982627660036087
1991.1207528114319 0.1912393867969513
1995.928970336914 0.18833263218402863
2000.6750762462616 0.18663744628429413
2005.3807356357574 0.1887640655040741
2010.0979206562042 0.19266188144683838
2014.7845902442932 0.1873272806406021
2019.530639886856 0.18983116745948792
2024.1990342140198 0.1860758364200592
2028.9398052692413 0.18563595414161682
2033.6090822219849 0.18582876026630402
2038.282797574997 0.1950031816959381
2042.9337680339813 0.18693645298480988
2047.6028656959534 0.18475326895713806
2052.235087633133 0.1850629448890686
2056.9642004966736 0.1849995106458664
2061.6420664787292 0.1852307915687561
2066.3009111881256 0.1847715824842453
2070.9912254810333 0.18889220058918
2095.6879596710205 0.1863287091255188
2102.0858659744263 0.18516124784946442
2106.893074989319 0.19339527189731598
2111.601246356964 0.1842256486415863
