20.127750158309937 0.1171875
53.677706480026245 0.109375
87.67599511146545 0.1171875
120.70903396606445 0.111328125
153.58141803741455 0.1240234375
186.57983565330505 0.1201171875
219.96444082260132 0.1357421875
253.66511464118958 0.1572265625
287.79459714889526 0.162109375
321.4955871105194 0.21484375
354.43402338027954 0.30859375
388.52657103538513 0.38232421875
422.18852066993713 0.4248046875
455.61381578445435 0.46728515625
489.96407771110535 0.5234375
523.4063310623169 0.599609375
556.9490795135498 0.5458984375
591.2950494289398 0.63916015625
625.2381389141083 0.69921875
659.1634395122528 0.74267578125
692.7546110153198 0.8037109375
726.3034567832947 0.81103515625
760.043619632721 0.8349609375
793.5995354652405 0.85009765625
827.2828254699707 0.8603515625
861.3235416412354 0.857421875
894.3552374839783 0.8623046875
928.5450372695923 0.875
962.5469536781311 0.890625
996.473032951355 0.88671875
1030.44198012352 0.8857421875
1064.2111413478851 0.89404296875
1097.4934873580933 0.896484375
1130.839046239853 0.90185546875
1165.3327741622925 0.8935546875
1199.4138250350952 0.8974609375
1231.0570304393768 0.9296875
