20.127750158309937 4.9145917892456055
53.677706480026245 57.092952728271484
87.67599511146545 42.29936599731445
120.70903396606445 12.476806640625
153.58141803741455 9.728898048400879
186.57983565330505 4.206260681152344
219.96444082260132 3.664672374725342
253.66511464118958 2.735762357711792
287.79459714889526 2.4024271965026855
321.4955871105194 2.030439615249634
354.43402338027954 1.8962903022766113
388.52657103538513 1.6364246606826782
422.18852066993713 1.6792716979980469
455.61381578445435 1.4905965328216553
489.96407771110535 1.6114132404327393
523.4063310623169 1.1136409044265747
556.9490795135498 1.54271399974823
591.2950494289398 0.9615758657455444
625.2381389141083 1.0599780082702637
659.1634395122528 0.7733635306358337
692.7546110153198 0.742161750793457
726.3034567832947 0.6580466032028198
760.043619632721 0.6544184684753418
793.5995354652405 0.5654470920562744
827.2828254699707 0.5714908242225647
861.3235416412354 0.5519948601722717
894.3552374839783 0.5218509435653687
928.5450372695923 0.4573146402835846
962.5469536781311 0.45865118503570557
996.473032951355 0.4954327344894409
1030.44198012352 0.43626829981803894
1064.2111413478851 0.4423244297504425
1097.4934873580933 0.4269276261329651
1130.839046239853 0.3859398365020752
1165.3327741622925 0.4189240634441376
1199.4138250350952 0.3952218294143677
1231.0570304393768 0.33314454555511475
