18.74598479270935 3.5254898071289062
26.941916465759277 8.252480506896973
33.537331104278564 7.062760353088379
40.14432454109192 6.192808151245117
46.73074531555176 5.462056636810303
53.25785207748413 4.819426536560059
59.80950307846069 4.1338090896606445
66.494295835495 3.8542094230651855
73.13951206207275 3.4563984870910645
79.972820520401 3.041586399078369
113.06564688682556 2.8576526641845703
121.3700065612793 2.60271954536438
127.94353103637695 2.2426822185516357
134.3859941959381 2.331871509552002
140.8669044971466 1.9013569355010986
147.37534761428833 1.6552743911743164
153.92186284065247 1.6328157186508179
160.5716109275818 1.3574512004852295
167.3984453678131 1.228079080581665
174.2279031276703 1.177797555923462
206.39716219902039 1.0779545307159424
214.61492443084717 0.9767593741416931
221.20115542411804 0.9547924995422363
227.7655222415924 0.9784806966781616
234.38785910606384 1.0381770133972168
241.0081446170807 0.7984225749969482
247.68923211097717 0.7808274626731873
254.4530475139618 0.8074043989181519
261.3711025714874 0.9739974737167358
268.22620391845703 0.8264021873474121
300.05717253685 0.7637699842453003
308.1561932563782 0.863922119140625
314.65944147109985 0.7305988669395447
321.2333505153656 0.7496939301490784
327.7017095088959 0.6688796281814575
334.26049399375916 0.7325785160064697
340.80040216445923 0.8251317739486694
347.4706482887268 0.5828239321708679
354.18778347969055 0.6849912405014038
360.95101857185364 0.5453552007675171
392.50824546813965 0.6072795391082764
400.69746804237366 0.506881594657898
407.20049953460693 0.7120090126991272
413.6406497955322 0.7034124135971069
420.1441698074341 0.5987738966941833
426.6255602836609 0.8472591638565063
433.25882744789124 0.6846199035644531
439.9337651729584 0.5621622204780579
446.70294094085693 0.5205718278884888
453.4715983867645 0.5433482527732849
484.8652801513672 0.6503681540489197
493.02013206481934 0.5742266178131104
499.5517780780792 0.6825449466705322
506.112909078598 0.6113999485969543
512.5798301696777 0.6337381601333618
519.205807685852 0.5621817111968994
525.8603746891022 0.6386688947677612
532.5559363365173 0.5407222509384155
539.4461255073547 0.5890495181083679
546.2611529827118 0.5734131336212158
578.1728672981262 0.6626173257827759
586.3166105747223 0.6122851967811584
592.8685169219971 0.6562016010284424
599.3893811702728 0.5486913919448853
605.973917722702 0.8265189528465271
612.5637645721436 0.6941291093826294
619.1898231506348 0.6819993257522583
625.9822452068329 0.6205645799636841
632.7238397598267 0.6159443855285645
639.5457618236542 0.5301946401596069
671.371800661087 0.5756964683532715
679.4579772949219 0.46649694442749023
685.9461693763733 0.5850548148155212
692.4526143074036 0.5647408962249756
698.9181365966797 0.47832536697387695
705.4936249256134 0.6281499862670898
712.0757040977478 0.5006216168403625
718.6845746040344 0.5456380248069763
725.4001169204712 0.5892484784126282
732.186544418335 0.5707907676696777
763.4252586364746 0.5617972612380981
771.5926442146301 0.706473708152771
778.1556735038757 0.5398138165473938
784.6676645278931 0.6224377155303955
791.1636118888855 0.6003216505050659
797.8621048927307 0.535692036151886
804.5802636146545 0.5735130310058594
811.2240285873413 0.49805116653442383
818.0900297164917 0.6131940484046936
824.9376077651978 0.6137592792510986
857.0707921981812 0.5720670819282532
865.3345787525177 0.49641281366348267
871.800778388977 0.47144079208374023
878.3089778423309 0.42527973651885986
884.7844502925873 0.4700469374656677
891.2880549430847 0.3541172742843628
897.8814520835876 0.3776034712791443
904.196426153183 0.42170000076293945
910.7782371044159 0.3422228991985321
917.5287511348724 0.3398025631904602
949.1934196949005 0.40634584426879883
957.1943252086639 0.3692699372768402
963.6205968856812 0.3082527816295624
970.0097539424896 0.3099803924560547
976.4559433460236 0.3469260334968567
983.0202033519745 0.3116699755191803
989.5660572052002 0.34039735794067383
996.1852214336395 0.31498774886131287
1002.826643705368 0.30964499711990356
1009.5403423309326 0.2867348790168762
1041.0624389648438 0.27923715114593506
1049.1140167713165 0.287090927362442
1055.5070338249207 0.3291935920715332
1061.9259827136993 0.24943943321704865
1068.2858278751373 0.2532307505607605
1074.8143336772919 0.2618534564971924
1081.2949035167694 0.2822977900505066
1087.924367427826 0.23684045672416687
1094.5833027362823 0.23912674188613892
1101.2360458374023 0.22987502813339233
1132.7651867866516 0.24679429829120636
1140.8421845436096 0.25704604387283325
1147.3438062667847 0.2557046413421631
1153.8905057907104 0.25196611881256104
1160.472162246704 0.24538934230804443
1167.0969777107239 0.22006568312644958
1173.7825272083282 0.2153930813074112
1180.420173406601 0.24353452026844025
1187.1535637378693 0.21308447420597076
1193.9168601036072 0.24108682572841644
1225.0325820446014 0.21515484154224396
1233.3021085262299 0.22867831587791443
1239.7245786190033 0.2024468183517456
1246.21533036232 0.21125230193138123
1252.6911635398865 0.22221609950065613
1259.3760018348694 0.2329254150390625
1265.9714303016663 0.19670623540878296
1272.5521049499512 0.20782031118869781
1279.356700181961 0.19255584478378296
1286.07372879982 0.18895114958286285
1317.72483086586 0.21091574430465698
1325.9276361465454 0.19291426241397858
1332.5642704963684 0.18683195114135742
1339.159419298172 0.19153322279453278
1345.7760326862335 0.19120189547538757
1352.549718618393 0.1901445835828781
1359.2573194503784 0.18981316685676575
1366.0111680030823 0.18830136954784393
1372.8534915447235 0.1928587555885315
1379.6898617744446 0.18601958453655243
1411.8524794578552 0.18810831010341644
1419.9179067611694 0.18380121886730194
1426.3818666934967 0.18468429148197174
1432.8808329105377 0.18507497012615204
1439.381873369217 0.18316321074962616
1445.9665656089783 0.18937060236930847
1452.534462928772 0.1905873566865921
1459.0092980861664 0.19703400135040283
1465.7336320877075 0.18491533398628235
1472.5231294631958 0.18712249398231506
1503.4858920574188 0.1866200566291809
1511.6927235126495 0.18003657460212708
1518.2216882705688 0.18411648273468018
1524.7128765583038 0.1877795159816742
1531.1678113937378 0.17974220216274261
1537.6789309978485 0.21063080430030823
1544.3697040081024 0.18055500090122223
1550.8681604862213 0.18324464559555054
1557.386062860489 0.18938036262989044
1564.2167484760284 0.1936931312084198
1596.173644542694 0.17758019268512726
1604.4518134593964 0.17947015166282654
1610.973431110382 0.18075357377529144
1617.5104849338531 0.17745575308799744
1624.0767290592194 0.17711658775806427
1630.6737384796143 0.18017910420894623
1637.391720533371 0.18334394693374634
1644.1765537261963 0.1836947351694107
1650.985252380371 0.2068503499031067
1657.6483981609344 0.18284374475479126
1686.8345215320587 0.17961372435092926
1694.8263835906982 0.17496821284294128
