18.74598479270935 0.1484375
26.941916465759277 0.125
33.537331104278564 0.1692708283662796
40.14432454109192 0.201171875
46.73074531555176 0.2265625
53.25785207748413 0.24609375
59.80950307846069 0.28125
66.494295835495 0.2958984375
73.13951206207275 0.3072916567325592
79.972820520401 0.32734376192092896
113.06564688682556 0.546875
121.3700065612793 0.51953125
127.94353103637695 0.546875
134.3859941959381 0.544921875
140.8669044971466 0.557812511920929
147.37534761428833 0.58203125
153.92186284065247 0.5948660969734192
160.5716109275818 0.6142578125
167.3984453678131 0.6319444179534912
174.2279031276703 0.6429687738418579
206.39716219902039 0.7890625
214.61492443084717 0.8046875
221.20115542411804 0.8046875
227.7655222415924 0.8046875
234.38785910606384 0.8062499761581421
241.0081446170807 0.8138020634651184
247.68923211097717 0.8214285969734192
254.4530475139618 0.82421875
261.3711025714874 0.8177083134651184
268.22620391845703 0.8187500238418579
300.05717253685 0.859375
308.1561932563782 0.8515625
314.65944147109985 0.8463541865348816
321.2333505153656 0.85546875
327.7017095088959 0.854687511920929
334.26049399375916 0.8567708134651184
340.80040216445923 0.8526785969734192
347.4706482887268 0.8583984375
354.18778347969055 0.859375
360.95101857185364 0.8656250238418579
392.50824546813965 0.90625
400.69746804237366 0.90234375
407.20049953460693 0.8880208134651184
413.6406497955322 0.876953125
420.1441698074341 0.878125011920929
426.6255602836609 0.8658854365348816
433.25882744789124 0.8683035969734192
439.9337651729584 0.875
446.70294094085693 0.8810763955116272
453.4715983867645 0.8851562738418579
484.8652801513672 0.8984375
493.02013206481934 0.89453125
499.5517780780792 0.8854166865348816
506.112909078598 0.88671875
512.5798301696777 0.887499988079071
519.205807685852 0.8919270634651184
525.8603746891022 0.8872767686843872
532.5559363365173 0.8916015625
539.4461255073547 0.8923611044883728
546.2611529827118 0.891406238079071
578.1728672981262 0.8984375
586.3166105747223 0.90234375
592.8685169219971 0.890625
599.3893811702728 0.900390625
605.973917722702 0.8843749761581421
612.5637645721436 0.8828125
619.1898231506348 0.8828125
625.9822452068329 0.8798828125
632.7238397598267 0.8819444179534912
639.5457618236542 0.8882812261581421
671.371800661087 0.8984375
679.4579772949219 0.92578125
685.9461693763733 0.9192708134651184
692.4526143074036 0.92578125
698.9181365966797 0.9312499761581421
705.4936249256134 0.9283854365348816
712.0757040977478 0.9285714030265808
718.6845746040344 0.9296875
725.4001169204712 0.9270833134651184
732.186544418335 0.9242187738418579
763.4252586364746 0.9140625
771.5926442146301 0.8984375
778.1556735038757 0.9088541865348816
784.6676645278931 0.90234375
791.1636118888855 0.901562511920929
797.8621048927307 0.9036458134651184
804.5802636146545 0.9029017686843872
811.2240285873413 0.9052734375
818.0900297164917 0.9071180820465088
824.9376077651978 0.9078124761581421
857.0707921981812 0.8984375
865.3345787525177 0.91796875
871.800778388977 0.9270833134651184
878.3089778423309 0.93359375
884.7844502925873 0.932812511920929
891.2880549430847 0.94140625
897.8814520835876 0.9441964030265808
904.196426153183 0.9453125
910.7782371044159 0.9505208134651184
917.5287511348724 0.9546874761581421
949.1934196949005 0.9609375
957.1943252086639 0.96875
963.6205968856812 0.9739583134651184
970.0097539424896 0.9765625
976.4559433460236 0.9781249761581421
983.0202033519745 0.9791666865348816
989.5660572052002 0.9787946343421936
996.1852214336395 0.978515625
1002.826643705368 0.9782986044883728
1009.5403423309326 0.9789062738418579
1041.0624389648438 1.0
1049.1140167713165 0.9921875
1055.5070338249207 0.9817708134651184
1061.9259827136993 0.986328125
1068.2858278751373 0.989062488079071
1074.8143336772919 0.9908854365348816
1081.2949035167694 0.9899553656578064
1087.924367427826 0.9912109375
1094.5833027362823 0.9921875
1101.2360458374023 0.992968738079071
1132.7651867866516 0.9921875
1140.8421845436096 0.98828125
1147.3438062667847 0.9869791865348816
1153.8905057907104 0.98828125
1160.472162246704 0.989062488079071
1167.0969777107239 0.9908854365348816
1173.7825272083282 0.9921875
1180.420173406601 0.9912109375
1187.1535637378693 0.9921875
1193.9168601036072 0.9921875
1225.0325820446014 0.9921875
1233.3021085262299 0.98828125
1239.7245786190033 0.9921875
1246.21533036232 0.9921875
1252.6911635398865 0.9921875
1259.3760018348694 0.9921875
1265.9714303016663 0.9933035969734192
1272.5521049499512 0.9921875
1279.356700181961 0.9930555820465088
1286.07372879982 0.9937499761581421
1317.72483086586 0.984375
1325.9276361465454 0.98828125
1332.5642704963684 0.9921875
1339.159419298172 0.994140625
1345.7760326862335 0.995312511920929
1352.549718618393 0.99609375
1359.2573194503784 0.9966517686843872
1366.0111680030823 0.9970703125
1372.8534915447235 0.9973958134651184
1379.6898617744446 0.9976562261581421
1411.8524794578552 1.0
1419.9179067611694 1.0
1426.3818666934967 1.0
1432.8808329105377 1.0
1439.381873369217 1.0
1445.9665656089783 1.0
1452.534462928772 1.0
1459.0092980861664 0.9990234375
1465.7336320877075 0.9991319179534912
1472.5231294631958 0.999218761920929
1503.4858920574188 1.0
1511.6927235126495 1.0
1518.2216882705688 1.0
1524.7128765583038 0.998046875
1531.1678113937378 0.9984375238418579
1537.6789309978485 0.99609375
1544.3697040081024 0.9966517686843872
1550.8681604862213 0.9970703125
1557.386062860489 0.9973958134651184
1564.2167484760284 0.996874988079071
1596.173644542694 1.0
1604.4518134593964 1.0
1610.973431110382 1.0
1617.5104849338531 1.0
1624.0767290592194 1.0
1630.6737384796143 1.0
1637.391720533371 1.0
1644.1765537261963 1.0
1650.985252380371 0.9991319179534912
1657.6483981609344 0.9984375238418579
1686.8345215320587 1.0
1694.8263835906982 1.0
