15.341111898422241 0.15625
22.357465028762817 0.265625
27.11044931411743 0.2708333432674408
31.919842004776 0.2734375
36.764819860458374 0.30000001192092896
41.5538067817688 0.3333333432674408
46.37020945549011 0.3258928656578064
51.18832039833069 0.33203125
56.021440744400024 0.3784722089767456
60.855302572250366 0.40312498807907104
65.54498529434204 0.41477271914482117
70.28455376625061 0.4453125
75.09286761283875 0.4663461446762085
79.88874173164368 0.4732142984867096
84.8650324344635 0.4958333373069763
89.93215870857239 0.498046875
95.00148940086365 0.5128676295280457
100.09515261650085 0.5243055820465088
105.14747595787048 0.5345394611358643
110.22650218009949 0.5406249761581421
115.2677218914032 0.550595223903656
120.40888047218323 0.5610795617103577
125.5202214717865 0.573369562625885
130.5253255367279 0.5794270634651184
135.5829849243164 0.5874999761581421
140.60621118545532 0.5901442170143127
145.6644368171692 0.5972222089767456
150.7246377468109 0.609375
155.80701208114624 0.6163793206214905
160.85590052604675 0.621874988079071
165.97408509254456 0.632056474685669
171.01166939735413 0.6357421875
176.08635592460632 0.6401515007019043
181.13091444969177 0.6433823704719543
186.19238376617432 0.6473214030265808
191.21915745735168 0.6519097089767456
196.2711160182953 0.6570945978164673
201.3113706111908 0.6603618264198303
206.42012739181519 0.6642628312110901
211.43024849891663 0.66796875
240.81918048858643 0.84375
247.7521460056305 0.859375
252.54654598236084 0.8541666865348816
257.35593700408936 0.828125
262.15872836112976 0.824999988079071
266.9788587093353 0.84375
271.89925742149353 0.8258928656578064
276.933402299881 0.8359375
281.9681384563446 0.84375
287.0643093585968 0.8500000238418579
292.16015458106995 0.84375
297.2236180305481 0.8489583134651184
302.29694056510925 0.848557710647583
307.33445620536804 0.8482142686843872
312.4091899394989 0.8541666865348816
317.47322607040405 0.853515625
322.5631492137909 0.8547794222831726
327.69816184043884 0.8559027910232544
332.833322763443 0.8552631735801697
338.0101935863495 0.8531249761581421
343.0726537704468 0.8526785969734192
348.12603211402893 0.8522727489471436
353.2019114494324 0.85326087474823
358.28176712989807 0.8515625
363.35932183265686 0.8525000214576721
368.46143555641174 0.8533653616905212
373.52371740341187 0.8553240895271301
378.5970153808594 0.8582589030265808
383.7414631843567 0.860991358757019
388.8421025276184 0.859375
393.94398975372314 0.8608871102333069
398.9918546676636 0.8623046875
404.07084131240845 0.8607954382896423
409.16243290901184 0.861213207244873
414.19910955429077 0.8589285612106323
419.29069089889526 0.859375
424.4348850250244 0.8614864945411682
429.53532886505127 0.8626644611358643
434.61406350135803 0.8637820482254028
439.68582558631897 0.864062488079071
469.82558512687683 0.9333333373069763
476.75800466537476 0.8999999761581421
481.5424327850342 0.9111111164093018
486.3309693336487 0.9166666865348816
491.14802384376526 0.9288889169692993
495.990460395813 0.9296296238899231
500.7780478000641 0.9111111164093018
505.68057107925415 0.9083333611488342
510.53450083732605 0.9037036895751953
515.3773066997528 0.9088888764381409
520.2129068374634 0.9111111164093018
525.0819282531738 0.914814829826355
529.8871214389801 0.9145299196243286
534.7944357395172 0.9190475940704346
539.6817696094513 0.9155555367469788
544.5710165500641 0.9125000238418579
549.3749549388885 0.915032684803009
554.2256135940552 0.914814829826355
559.0496959686279 0.9169590473175049
564.1017878055573 0.9144444465637207
569.2734363079071 0.9174603223800659
574.3229892253876 0.9151515364646912
579.4988694190979 0.9149758219718933
584.5827221870422 0.9157407283782959
589.6896011829376 0.9146666526794434
594.8528504371643 0.9145299196243286
600.0026400089264 0.9127572178840637
605.1314709186554 0.9134920835494995
638.7207899093628 0.9365079402923584
646.0267951488495 0.9285714030265808
651.1640732288361 0.9417989253997803
656.3415493965149 0.9444444179534912
661.4745144844055 0.9492063522338867
666.7456305027008 0.9497354626655579
671.9367372989655 0.9365079402923584
677.17826628685 0.9384920597076416
682.3762204647064 0.9435626268386841
687.5348255634308 0.9428571462631226
692.7243111133575 0.9437229633331299
697.928014755249 0.9444444179534912
703.1133561134338 0.9450549483299255
708.2800943851471 0.9455782175064087
713.4665153026581 0.9439153671264648
718.6468658447266 0.9454365372657776
723.8277642726898 0.9449113011360168
728.9971778392792 0.946208119392395
734.2434134483337 0.9482038617134094
739.4387204647064 0.9484127163887024
772.4738302230835 0.9603174328804016
781.4575047492981 0.9444444179534912
788.205739736557 0.9523809552192688
794.9478919506073 0.9583333134651184
801.7160670757294 0.9634920358657837
808.5060782432556 0.9629629850387573
815.3770673274994 0.9659863710403442
822.2094435691833 0.966269850730896
829.1169590950012 0.9673721194267273
835.9891567230225 0.9674603343009949
871.8427939414978 0.9796748161315918
884.644214630127 0.9857723712921143
895.0633239746094 0.9810298085212708
905.5565173625946 0.9817073345184326
916.2582573890686 0.9829268455505371
927.1421427726746 0.9844173192977905
956.9810967445374 0.9878048896789551
969.6551766395569 0.9939024448394775
980.072253704071 0.9932249188423157
990.553435087204 0.9939024448394775
1001.190426826477 0.9934959411621094
1012.0980474948883 0.9945799708366394
1043.7510921955109 0.9976303577423096
1061.3966836929321 0.9976303577423096
1077.1059484481812 0.998420238494873
1122.5581843852997 0.9979550242424011
1142.1356191635132 0.9989774823188782
1159.879546403885 0.9986366629600525
1198.8439283370972 0.9961165189743042
1219.1948862075806 0.9970873594284058
1237.7775321006775 0.9980582594871521
1276.3967394828796 0.9971346855163574
1302.152242898941 0.9985673427581787
1350.5515604019165 1.0
1376.172902584076 1.0
1425.3497924804688 0.9985673427581787
1450.7057709693909 0.9992836713790894
1499.7112362384796 1.0
1525.2894451618195 1.0
1573.614338874817 1.0
1599.4319517612457 1.0
1648.070315361023 1.0
1674.317242860794 1.0
1722.839438676834 1.0
1749.1610753536224 1.0
1798.5776669979095 1.0
1823.8418276309967 1.0
1873.56347322464 1.0
1905.8076858520508 1.0
1943.511698961258 1.0
1977.636578321457 1.0
