15.341111898422241 4.186659336090088
22.357465028762817 2.1129872798919678
27.11044931411743 2.3114020824432373
31.919842004776 2.0551414489746094
36.764819860458374 2.0744800567626953
41.5538067817688 1.8655242919921875
46.37020945549011 2.372462749481201
51.18832039833069 1.7491724491119385
56.021440744400024 1.189198613166809
60.855302572250366 1.429793119430542
65.54498529434204 1.4110394716262817
70.28455376625061 1.3788501024246216
75.09286761283875 1.2839570045471191
79.88874173164368 1.3977108001708984
84.8650324344635 0.9960458278656006
89.93215870857239 1.378399133682251
95.00148940086365 1.2617119550704956
100.09515261650085 1.0645116567611694
105.14747595787048 1.1867886781692505
110.22650218009949 1.0886963605880737
115.2677218914032 1.061957597732544
120.40888047218323 0.9975809454917908
125.5202214717865 0.845203161239624
130.5253255367279 1.322756290435791
135.5829849243164 0.9716758728027344
140.60621118545532 1.160131573677063
145.6644368171692 0.9161517024040222
150.7246377468109 0.6276030540466309
155.80701208114624 0.9352859258651733
160.85590052604675 0.9889292120933533
165.97408509254456 0.5919986963272095
171.01166939735413 0.856839656829834
176.08635592460632 0.9326205253601074
181.13091444969177 0.8908994793891907
186.19238376617432 0.9400196671485901
191.21915745735168 0.8325297832489014
196.2711160182953 0.8685469031333923
201.3113706111908 0.9437419176101685
206.42012739181519 0.8952646255493164
211.43024849891663 0.9011291265487671
240.81918048858643 0.6866341829299927
247.7521460056305 0.7087461948394775
252.54654598236084 0.8216758966445923
257.35593700408936 0.8837141394615173
262.15872836112976 0.7055987119674683
266.9788587093353 0.5461529493331909
271.89925742149353 0.9843320846557617
276.933402299881 0.6441228985786438
281.9681384563446 0.5303328633308411
287.0643093585968 0.584104061126709
292.16015458106995 0.8338978290557861
297.2236180305481 0.7419233322143555
302.29694056510925 0.8319309949874878
307.33445620536804 0.815132200717926
312.4091899394989 0.5137070417404175
317.47322607040405 0.7939575910568237
322.5631492137909 0.6812179088592529
327.69816184043884 0.6299217939376831
332.833322763443 0.72255539894104
338.0101935863495 0.6715130805969238
343.0726537704468 0.6472041010856628
348.12603211402893 0.6639196872711182
353.2019114494324 0.5405219793319702
358.28176712989807 0.9656168222427368
363.35932183265686 0.6969101428985596
368.46143555641174 0.6220613718032837
373.52371740341187 0.5207499861717224
378.5970153808594 0.4636107385158539
383.7414631843567 0.49184131622314453
388.8421025276184 0.6988703608512878
393.94398975372314 0.44788745045661926
398.9918546676636 0.4946090281009674
404.07084131240845 0.6649540662765503
409.16243290901184 0.5781723260879517
414.19910955429077 0.7976031303405762
419.29069089889526 0.6569164991378784
424.4348850250244 0.4825717806816101
429.53532886505127 0.5307474136352539
434.61406350135803 0.48857754468917847
439.68582558631897 0.7391416430473328
469.82558512687683 0.4300239086151123
476.75800466537476 0.5613899827003479
481.5424327850342 0.5643244385719299
486.3309693336487 0.45432016253471375
491.14802384376526 0.39322906732559204
495.990460395813 0.5015749931335449
500.7780478000641 0.6939056515693665
505.68057107925415 0.608100175857544
510.53450083732605 0.5882735848426819
515.3773066997528 0.40607959032058716
520.2129068374634 0.46103233098983765
525.0819282531738 0.39669567346572876
529.8871214389801 0.5019667744636536
534.7944357395172 0.32003456354141235
539.6817696094513 0.6753920912742615
544.5710165500641 0.5775482654571533
549.3749549388885 0.3956436514854431
554.2256135940552 0.48030778765678406
559.0496959686279 0.36533012986183167
564.1017878055573 0.5186335444450378
569.2734363079071 0.37175452709198
574.3229892253876 0.4880918860435486
579.4988694190979 0.5456347465515137
584.5827221870422 0.38223156332969666
589.6896011829376 0.5589810013771057
594.8528504371643 0.4271650016307831
600.0026400089264 0.6910288333892822
605.1314709186554 0.41115328669548035
638.7207899093628 0.3490915894508362
646.0267951488495 0.44028282165527344
651.1640732288361 0.3737601041793823
656.3415493965149 0.3879536986351013
661.4745144844055 0.37394633889198303
666.7456305027008 0.37784910202026367
671.9367372989655 0.508580207824707
677.17826628685 0.37328261137008667
682.3762204647064 0.2908182740211487
687.5348255634308 0.4082031846046448
692.7243111133575 0.42518699169158936
697.928014755249 0.3540295362472534
703.1133561134338 0.36364033818244934
708.2800943851471 0.3232652246952057
713.4665153026581 0.39640265703201294
718.6468658447266 0.3230467140674591
723.8277642726898 0.4160778820514679
728.9971778392792 0.34939801692962646
734.2434134483337 0.3433898389339447
739.4387204647064 0.35260480642318726
772.4738302230835 0.3188343048095703
781.4575047492981 0.39781686663627625
788.205739736557 0.30020594596862793
794.9478919506073 0.2802888751029968
801.7160670757294 0.26749905943870544
808.5060782432556 0.3094892203807831
815.3770673274994 0.27829480171203613
822.2094435691833 0.29629653692245483
829.1169590950012 0.29504093527793884
835.9891567230225 0.2887311577796936
871.8427939414978 0.2634930908679962
884.644214630127 0.23129363358020782
895.0633239746094 0.2733544707298279
905.5565173625946 0.23359951376914978
916.2582573890686 0.2204933762550354
927.1421427726746 0.22705093026161194
956.9810967445374 0.23481419682502747
969.6551766395569 0.19560806453227997
980.072253704071 0.2053159475326538
990.553435087204 0.20634299516677856
1001.190426826477 0.203843355178833
1012.0980474948883 0.18704010546207428
1043.7510921955109 0.18784348666667938
1061.3966836929321 0.17992906272411346
1077.1059484481812 0.17548754811286926
1122.5581843852997 0.17705929279327393
1142.1356191635132 0.16957750916481018
1159.879546403885 0.16677619516849518
1198.8439283370972 0.1685228943824768
1219.1948862075806 0.16327260434627533
1237.7775321006775 0.1579226702451706
1276.3967394828796 0.15906363725662231
1302.152242898941 0.15303412079811096
1350.5515604019165 0.15093839168548584
1376.172902584076 0.14950776100158691
1425.3497924804688 0.14690937101840973
1450.7057709693909 0.1432746797800064
1499.7112362384796 0.14054858684539795
1525.2894451618195 0.13791339099407196
1573.614338874817 0.1357077658176422
1599.4319517612457 0.13233742117881775
1648.070315361023 0.13279849290847778
1674.317242860794 0.1295427829027176
1722.839438676834 0.12843093276023865
1749.1610753536224 0.12459216266870499
1798.5776669979095 0.12276727706193924
1823.8418276309967 0.12115736305713654
1873.56347322464 0.12008662521839142
1905.8076858520508 0.11705813556909561
1943.511698961258 0.11631336808204651
1977.636578321457 0.11343541741371155
