13.38959002494812 3.997756242752075
21.399200677871704 2.292792558670044
27.78391695022583 2.055638074874878
34.18719983100891 1.8756574392318726
40.513370513916016 1.6912294626235962
46.95615601539612 1.5441070795059204
53.30173444747925 1.4360271692276
59.720118284225464 1.2513375282287598
66.117107629776 1.26360023021698
72.52377605438232 1.0031650066375732
100.8213050365448 0.9274659156799316
108.83764505386353 0.9699567556381226
115.24146103858948 0.7611621618270874
121.62814021110535 0.8680241107940674
127.9941155910492 0.9591288566589355
134.37335848808289 0.7272564768791199
140.7370626926422 0.7294502258300781
147.12553358078003 0.8239930868148804
153.55407118797302 0.7364522814750671
159.990483045578 0.7403163909912109
188.09526419639587 0.6095121502876282
196.07797050476074 0.6739140748977661
202.49941897392273 0.5284487009048462
208.85459327697754 0.5819246768951416
215.25650191307068 0.6737867593765259
221.65422558784485 0.5900740623474121
227.9844686985016 0.5868010520935059
234.40545201301575 0.5992269515991211
240.79731607437134 0.5760300159454346
247.28510332107544 0.4420296847820282
275.32974433898926 0.4626579284667969
283.3220691680908 0.47714322805404663
289.83757638931274 0.5206360816955566
296.2389249801636 0.47749948501586914
302.66545271873474 0.58201003074646
309.02424907684326 0.4562376141548157
315.48941373825073 0.46438318490982056
321.90300965309143 0.4832804799079895
328.5508801937103 0.5425360202789307
334.9759204387665 0.42580342292785645
363.1108076572418 0.4141232371330261
371.10953426361084 0.4272580146789551
377.5225512981415 0.3730205297470093
383.9949173927307 0.39893639087677
390.3666739463806 0.5761592388153076
396.79315972328186 0.4316348731517792
403.35382103919983 0.4383605122566223
409.95212960243225 0.4212436079978943
416.4587163925171 0.4585018754005432
423.0528485774994 0.40973734855651855
451.29974603652954 0.42451798915863037
459.40649461746216 0.4407954812049866
465.83375334739685 0.35514944791793823
472.2018096446991 0.3618181347846985
478.57357907295227 0.45739585161209106
485.0391728878021 0.37162530422210693
491.6025369167328 0.345281183719635
498.14653849601746 0.3368343114852905
504.76705837249756 0.47447454929351807
511.2562370300293 0.47023531794548035
539.7247142791748 0.354990690946579
547.6639933586121 0.43590056896209717
554.054131269455 0.35456693172454834
560.5613942146301 0.37899988889694214
567.0348150730133 0.45107609033584595
573.5289895534515 0.42019230127334595
580.1698777675629 0.3151698112487793
586.7421140670776 0.34987780451774597
593.2988476753235 0.39326614141464233
599.8289477825165 0.4343833327293396
628.0918393135071 0.33796364068984985
636.0715701580048 0.340686172246933
642.4916572570801 0.35356271266937256
648.8963298797607 0.29764652252197266
655.3194305896759 0.3870363235473633
661.83340716362 0.35443562269210815
668.3152687549591 0.31271204352378845
674.8929152488708 0.34752732515335083
681.5076160430908 0.40252798795700073
688.0786759853363 0.3278461694717407
716.860746383667 0.3179289400577545
724.8334991931915 0.34989821910858154
731.2199540138245 0.34045934677124023
737.5769650936127 0.38729986548423767
743.9914462566376 0.3055858612060547
750.4280574321747 0.35737714171409607
757.0546133518219 0.30532392859458923
763.5568401813507 0.3425920307636261
770.1113095283508 0.3554708957672119
776.6914305686951 0.3307998776435852
806.0347707271576 0.27856361865997314
814.1187877655029 0.3240028917789459
820.481856584549 0.31689077615737915
826.9166963100433 0.298556387424469
833.3033673763275 0.42606207728385925
839.8696744441986 0.35136204957962036
846.3413298130035 0.41116467118263245
852.8621408939362 0.2789643704891205
859.4448528289795 0.32665231823921204
866.0565969944 0.3415437936782837
894.7386372089386 0.305336058139801
902.6499538421631 0.34206828474998474
908.9319078922272 0.3211252689361572
915.3088052272797 0.33639031648635864
921.7027268409729 0.39815232157707214
928.0692057609558 0.28977516293525696
934.5481264591217 0.26729318499565125
940.9974060058594 0.337761789560318
947.5048248767853 0.2989405691623688
954.0208332538605 0.2970573902130127
982.4618992805481 0.28797802329063416
990.5062689781189 0.3164755403995514
996.8891761302948 0.2906745374202728
1003.3270077705383 0.27948692440986633
1009.7309489250183 0.3133442997932434
1016.206887960434 0.31186461448669434
1022.7740383148193 0.2641838788986206
1029.3395266532898 0.32365846633911133
1035.931639432907 0.335578054189682
1042.5127823352814 0.275905966758728
1071.1740024089813 0.3505061864852905
1079.2151556015015 0.3780159652233124
1085.699115037918 0.2619422376155853
1092.112277507782 0.25635331869125366
1098.6031382083893 0.31956422328948975
1105.1531229019165 0.35461342334747314
1111.7223145961761 0.3301073908805847
1118.3618931770325 0.3068116009235382
1124.9596560001373 0.28087180852890015
1131.5830631256104 0.31040096282958984
1160.0649650096893 0.3067574203014374
1168.0717742443085 0.36915427446365356
1174.5881412029266 0.3122599720954895
1180.9708664417267 0.2938598394393921
1187.3441927433014 0.33778440952301025
1193.9018070697784 0.3077429533004761
1200.4117629528046 0.3155345916748047
1206.953681230545 0.34309592843055725
1213.5418314933777 0.3249410390853882
1220.1142256259918 0.30473554134368896
1248.2548203468323 0.2945724129676819
1256.234962940216 0.39838147163391113
1262.5538575649261 0.29098743200302124
1268.93541431427 0.3298443555831909
1275.2930743694305 0.3975922465324402
1281.7241353988647 0.3109613060951233
1288.2119193077087 0.2714462876319885
1294.7923033237457 0.3472996950149536
1301.37389087677 0.364032506942749
1307.8979556560516 0.3118133246898651
1336.59410405159 0.28888118267059326
1344.618069410324 0.3249787986278534
1350.9398777484894 0.3015231788158417
1357.3097286224365 0.32670876383781433
1363.650154352188 0.38798826932907104
1370.1054401397705 0.35637545585632324
1376.6497225761414 0.2550750970840454
1383.2485864162445 0.32467612624168396
1389.7892320156097 0.3875998258590698
1396.4680318832397 0.266904354095459
1424.7632746696472 0.3017405867576599
1432.7595291137695 0.32946479320526123
1439.1620185375214 0.3213439881801605
1445.5770530700684 0.3241298198699951
1452.0166308879852 0.3172001838684082
1458.5795526504517 0.27222388982772827
1465.1705386638641 0.2870199680328369
1471.7221581935883 0.3345021605491638
1478.2367911338806 0.3084501326084137
1484.830873966217 0.2852904498577118
1513.1608378887177 0.34702372550964355
1521.2936751842499 0.282740980386734
1527.7987065315247 0.32468080520629883
1534.2487533092499 0.28346380591392517
1540.741941690445 0.34916114807128906
1547.2969000339508 0.3308768570423126
1553.9046459197998 0.2727451026439667
1560.5636315345764 0.3243502080440521
1567.2278192043304 0.2838234305381775
1573.9737873077393 0.3133315145969391
1602.8405590057373 0.3134506344795227
1610.9603774547577 0.2711275815963745
1617.3608553409576 0.28163260221481323
1623.7710402011871 0.27608630061149597
1630.2128133773804 0.3485613763332367
1636.7620687484741 0.24822786450386047
1643.2642118930817 0.28041380643844604
1649.9187772274017 0.3088706433773041
1656.4511215686798 0.3184017539024353
1663.1339356899261 0.3391355574131012
1691.781483411789 0.26503586769104004
1699.8774359226227 0.3212161660194397
1706.317400932312 0.3141922652721405
1712.7673907279968 0.30017611384391785
1719.1910758018494 0.3738684356212616
1725.676810503006 0.3388120234012604
1732.1531717777252 0.30293142795562744
1738.7507965564728 0.3374842405319214
1745.2681164741516 0.3357042968273163
1751.942291021347 0.3759775459766388
