13.38959002494812 0.0859375
21.399200677871704 0.17578125
27.78391695022583 0.2604166567325592
34.18719983100891 0.3046875
40.513370513916016 0.36250001192092896
46.95615601539612 0.40234375
53.30173444747925 0.4341517984867096
59.720118284225464 0.4658203125
66.117107629776 0.4904513955116272
72.52377605438232 0.518750011920929
100.8213050365448 0.796875
108.83764505386353 0.765625
115.24146103858948 0.7916666865348816
121.62814021110535 0.80078125
127.9941155910492 0.7984374761581421
134.37335848808289 0.80859375
140.7370626926422 0.8147321343421936
147.12553358078003 0.8173828125
153.55407118797302 0.8203125
159.990483045578 0.823437511920929
188.09526419639587 0.90625
196.07797050476074 0.88671875
202.49941897392273 0.90625
208.85459327697754 0.904296875
215.25650191307068 0.8968750238418579
221.65422558784485 0.8984375
227.9844686985016 0.8973214030265808
234.40545201301575 0.8994140625
240.79731607437134 0.8984375
247.28510332107544 0.9039062261581421
275.32974433898926 0.921875
283.3220691680908 0.92578125
289.83757638931274 0.9166666865348816
296.2389249801636 0.9140625
302.66545271873474 0.9140625
309.02424907684326 0.9166666865348816
315.48941373825073 0.9151785969734192
321.90300965309143 0.91796875
328.5508801937103 0.9157986044883728
334.9759204387665 0.917187511920929
363.1108076572418 0.953125
371.10953426361084 0.953125
377.5225512981415 0.9479166865348816
383.9949173927307 0.94921875
390.3666739463806 0.934374988079071
396.79315972328186 0.9361979365348816
403.35382103919983 0.9363839030265808
409.95212960243225 0.9384765625
416.4587163925171 0.9357638955116272
423.0528485774994 0.936718761920929
451.29974603652954 0.9296875
459.40649461746216 0.92578125
465.83375334739685 0.9296875
472.2018096446991 0.931640625
478.57357907295227 0.934374988079071
485.0391728878021 0.9361979365348816
491.6025369167328 0.9386160969734192
498.14653849601746 0.9423828125
504.76705837249756 0.9383680820465088
511.2562370300293 0.936718761920929
539.7247142791748 0.9609375
547.6639933586121 0.94921875
554.054131269455 0.9557291865348816
560.5613942146301 0.955078125
567.0348150730133 0.9515625238418579
573.5289895534515 0.9427083134651184
580.1698777675629 0.9475446343421936
586.7421140670776 0.9482421875
593.2988476753235 0.9487847089767456
599.8289477825165 0.948437511920929
628.0918393135071 0.953125
636.0715701580048 0.95703125
642.4916572570801 0.9583333134651184
648.8963298797607 0.9609375
655.3194305896759 0.953125
661.83340716362 0.9544270634651184
668.3152687549591 0.9564732313156128
674.8929152488708 0.9560546875
681.5076160430908 0.9539930820465088
688.0786759853363 0.9554687738418579
716.860746383667 0.9609375
724.8334991931915 0.9453125
731.2199540138245 0.9505208134651184
737.5769650936127 0.951171875
743.9914462566376 0.9546874761581421
750.4280574321747 0.9557291865348816
757.0546133518219 0.9587053656578064
763.5568401813507 0.958984375
770.1113095283508 0.9583333134651184
776.6914305686951 0.9585937261581421
806.0347707271576 0.9765625
814.1187877655029 0.9765625
820.481856584549 0.9739583134651184
826.9166963100433 0.97265625
833.3033673763275 0.9624999761581421
839.8696744441986 0.9622395634651184
846.3413298130035 0.9609375
852.8621408939362 0.96484375
859.4448528289795 0.9661458134651184
866.0565969944 0.96484375
894.7386372089386 0.96875
902.6499538421631 0.9609375
908.9319078922272 0.9635416865348816
915.3088052272797 0.962890625
921.7027268409729 0.9593750238418579
928.0692057609558 0.9622395634651184
934.5481264591217 0.9665178656578064
940.9974060058594 0.9658203125
947.5048248767853 0.9670138955116272
954.0208332538605 0.967968761920929
982.4618992805481 0.9765625
990.5062689781189 0.96875
996.8891761302948 0.96875
1003.3270077705383 0.970703125
1009.7309489250183 0.9703124761581421
1016.206887960434 0.96875
1022.7740383148193 0.9720982313156128
1029.3395266532898 0.97265625
1035.931639432907 0.9696180820465088
1042.5127823352814 0.9703124761581421
1071.1740024089813 0.953125
1079.2151556015015 0.953125
1085.699115037918 0.9635416865348816
1092.112277507782 0.96875
1098.6031382083893 0.96875
1105.1531229019165 0.9635416865348816
1111.7223145961761 0.9631696343421936
1118.3618931770325 0.9638671875
1124.9596560001373 0.9661458134651184
1131.5830631256104 0.9664062261581421
1160.0649650096893 0.9609375
1168.0717742443085 0.95703125
1174.5881412029266 0.953125
1180.9708664417267 0.955078125
1187.3441927433014 0.9593750238418579
1193.9018070697784 0.9622395634651184
1200.4117629528046 0.9620535969734192
1206.953681230545 0.9619140625
1213.5418314933777 0.9618055820465088
1220.1142256259918 0.9632812738418579
1248.2548203468323 0.96875
1256.234962940216 0.953125
1262.5538575649261 0.9635416865348816
1268.93541431427 0.9609375
1275.2930743694305 0.9546874761581421
1281.7241353988647 0.9583333134651184
1288.2119193077087 0.9620535969734192
1294.7923033237457 0.962890625
1301.37389087677 0.9626736044883728
1307.8979556560516 0.961718738079071
1336.59410405159 0.9765625
1344.618069410324 0.97265625
1350.9398777484894 0.9713541865348816
1357.3097286224365 0.97265625
1363.650154352188 0.9671875238418579
1370.1054401397705 0.96484375
1376.6497225761414 0.9676339030265808
1383.2485864162445 0.9677734375
1389.7892320156097 0.9661458134651184
1396.4680318832397 0.96875
1424.7632746696472 0.984375
1432.7595291137695 0.984375
1439.1620185375214 0.9791666865348816
1445.5770530700684 0.9765625
1452.0166308879852 0.973437488079071
1458.5795526504517 0.9752604365348816
1465.1705386638641 0.9743303656578064
1471.7221581935883 0.9736328125
1478.2367911338806 0.9722222089767456
1484.830873966217 0.97265625
1513.1608378887177 0.953125
1521.2936751842499 0.96875
1527.7987065315247 0.9661458134651184
1534.2487533092499 0.96875
1540.741941690445 0.96875
1547.2969000339508 0.96484375
1553.9046459197998 0.9665178656578064
1560.5636315345764 0.966796875
1567.2278192043304 0.9670138955116272
1573.9737873077393 0.965624988079071
1602.8405590057373 0.9609375
1610.9603774547577 0.97265625
1617.3608553409576 0.9713541865348816
1623.7710402011871 0.9765625
1630.2128133773804 0.971875011920929
1636.7620687484741 0.9739583134651184
1643.2642118930817 0.9754464030265808
1649.9187772274017 0.97265625
1656.4511215686798 0.9722222089767456
1663.1339356899261 0.9703124761581421
1691.781483411789 0.9765625
1699.8774359226227 0.96484375
1706.317400932312 0.9635416865348816
1712.7673907279968 0.966796875
1719.1910758018494 0.9609375
1725.676810503006 0.9609375
1732.1531717777252 0.9620535969734192
1738.7507965564728 0.962890625
1745.2681164741516 0.9626736044883728
1751.942291021347 0.961718738079071
