13.44706392288208 3.5378897190093994
24.982173681259155 2.853644371032715
34.87230944633484 2.5645060539245605
44.68838906288147 2.2983336448669434
54.63309693336487 2.1734275817871094
85.56975197792053 1.8587390184402466
96.98277974128723 1.7193036079406738
106.77774667739868 1.4893434047698975
116.55193161964417 1.4082465171813965
126.29108834266663 1.2193224430084229
157.22298550605774 1.1672704219818115
169.0901370048523 1.1041641235351562
179.1344654560089 1.004335880279541
189.14176511764526 0.9509451985359192
199.2018084526062 0.8566374182701111
229.98803973197937 0.8469550609588623
241.53953313827515 0.8410053253173828
251.5183186531067 0.8242529630661011
261.3014266490936 0.7857562303543091
271.45679688453674 0.7227692604064941
303.3506393432617 0.7068101763725281
315.06037497520447 0.7220897078514099
325.11728954315186 0.7189306616783142
335.3608708381653 0.6362244486808777
345.84944462776184 0.5728177428245544
377.28127551078796 0.6350052356719971
388.9096932411194 0.5406187772750854
399.01114296913147 0.6393111348152161
409.27658224105835 0.5669233798980713
419.632616519928 0.5007064938545227
450.94829869270325 0.47770094871520996
463.0325300693512 0.4407602548599243
473.217472076416 0.5078523755073547
483.6058466434479 0.5392110347747803
494.0446228981018 0.5549429655075073
525.6896359920502 0.4368283450603485
537.3395607471466 0.4371609687805176
547.1150040626526 0.4982229471206665
557.2299666404724 0.4829844832420349
567.6204128265381 0.4700843095779419
599.2459111213684 0.41939491033554077
610.8767809867859 0.4570437967777252
620.7895109653473 0.48645323514938354
630.9983258247375 0.45106473565101624
641.3774194717407 0.4446742832660675
673.2944805622101 0.39317968487739563
684.9985094070435 0.38170528411865234
694.9911148548126 0.4128221571445465
705.0562903881073 0.42842042446136475
715.587239742279 0.4217231571674347
747.0741250514984 0.450225830078125
759.0885052680969 0.4269832968711853
769.1332213878632 0.4034745693206787
779.2717487812042 0.4227396845817566
789.6356620788574 0.46346786618232727
821.1033251285553 0.38073334097862244
832.847140789032 0.40380775928497314
842.9947717189789 0.4418717622756958
853.254478931427 0.3757665157318115
863.6631407737732 0.4261620044708252
895.0259499549866 0.3732690215110779
906.6031002998352 0.3808222711086273
916.6168556213379 0.43736565113067627
926.7471766471863 0.37127095460891724
937.2280592918396 0.3406582772731781
968.3459844589233 0.3672063946723938
980.1419134140015 0.36770322918891907
990.313277721405 0.41248998045921326
1000.6215958595276 0.41266369819641113
1010.8170461654663 0.38454633951187134
1041.2911839485168 0.36993980407714844
1052.8909361362457 0.34043896198272705
1062.8153257369995 0.3976970314979553
1072.9483535289764 0.38678017258644104
1083.2160532474518 0.31153589487075806
1114.7158353328705 0.41364163160324097
1126.520457983017 0.3546231985092163
1136.5299665927887 0.41286927461624146
1146.8810377120972 0.3750569224357605
1157.221281528473 0.35500097274780273
1188.3479173183441 0.3184579014778137
1200.0966911315918 0.3487354516983032
1210.1261880397797 0.3603103458881378
1220.396849155426 0.3228272795677185
1230.9702050685883 0.3525652289390564
1262.7547285556793 0.36081045866012573
1274.5836217403412 0.3245496153831482
1284.4468293190002 0.38693273067474365
1294.4434814453125 0.3490729331970215
1304.7134237289429 0.3110831379890442
1336.2404744625092 0.37433061003685
1348.1950988769531 0.3612003028392792
1358.2209572792053 0.3760836124420166
1368.557429075241 0.33728545904159546
1379.1009929180145 0.3484555780887604
1410.8635399341583 0.39076924324035645
1422.4448370933533 0.33181753754615784
1432.6200919151306 0.3282707929611206
1442.7439844608307 0.3541874885559082
1453.006680727005 0.3755669891834259
