13.44706392288208 0.05859375
24.982173681259155 0.142578125
34.87230944633484 0.2096354216337204
44.68838906288147 0.25
54.63309693336487 0.2945312559604645
85.56975197792053 0.55078125
96.98277974128723 0.572265625
106.77774667739868 0.6015625
116.55193161964417 0.619140625
126.29108834266663 0.649218738079071
157.22298550605774 0.72265625
169.0901370048523 0.751953125
179.1344654560089 0.7734375
189.14176511764526 0.78125
199.2018084526062 0.793749988079071
229.98803973197937 0.8203125
241.53953313827515 0.833984375
251.5183186531067 0.8424479365348816
261.3014266490936 0.841796875
271.45679688453674 0.846875011920929
303.3506393432617 0.8828125
315.06037497520447 0.865234375
325.11728954315186 0.8645833134651184
335.3608708381653 0.87109375
345.84944462776184 0.8765624761581421
377.28127551078796 0.87890625
388.9096932411194 0.900390625
399.01114296913147 0.890625
409.27658224105835 0.8916015625
419.632616519928 0.899218738079071
450.94829869270325 0.9453125
463.0325300693512 0.953125
473.217472076416 0.9466145634651184
483.6058466434479 0.9404296875
494.0446228981018 0.934374988079071
525.6896359920502 0.94140625
537.3395607471466 0.943359375
547.1150040626526 0.9375
557.2299666404724 0.9326171875
567.6204128265381 0.9312499761581421
599.2459111213684 0.9375
610.8767809867859 0.9296875
620.7895109653473 0.93359375
630.9983258247375 0.9345703125
641.3774194717407 0.9351562261581421
673.2944805622101 0.953125
684.9985094070435 0.94921875
694.9911148548126 0.9466145634651184
705.0562903881073 0.9443359375
715.587239742279 0.942187488079071
747.0741250514984 0.921875
759.0885052680969 0.923828125
769.1332213878632 0.9348958134651184
779.2717487812042 0.9365234375
789.6356620788574 0.9351562261581421
821.1033251285553 0.96484375
832.847140789032 0.951171875
842.9947717189789 0.9440104365348816
853.254478931427 0.947265625
863.6631407737732 0.948437511920929
895.0259499549866 0.953125
906.6031002998352 0.94921875
916.6168556213379 0.9466145634651184
926.7471766471863 0.947265625
937.2280592918396 0.952343761920929
968.3459844589233 0.953125
980.1419134140015 0.955078125
990.313277721405 0.953125
1000.6215958595276 0.947265625
1010.8170461654663 0.94921875
1041.2911839485168 0.94921875
1052.8909361362457 0.95703125
1062.8153257369995 0.9557291865348816
1072.9483535289764 0.955078125
1083.2160532474518 0.9585937261581421
1114.7158353328705 0.9453125
1126.520457983017 0.94921875
1136.5299665927887 0.9453125
1146.8810377120972 0.9482421875
1157.221281528473 0.9515625238418579
1188.3479173183441 0.9765625
1200.0966911315918 0.97265625
1210.1261880397797 0.9661458134651184
1220.396849155426 0.9677734375
1230.9702050685883 0.964062511920929
1262.7547285556793 0.95703125
1274.5836217403412 0.96484375
1284.4468293190002 0.9622395634651184
1294.4434814453125 0.9619140625
1304.7134237289429 0.96484375
1336.2404744625092 0.94140625
1348.1950988769531 0.9453125
1358.2209572792053 0.9518229365348816
1368.557429075241 0.953125
1379.1009929180145 0.9546874761581421
1410.8635399341583 0.94140625
1422.4448370933533 0.95703125
1432.6200919151306 0.9635416865348816
1442.7439844608307 0.9609375
1453.006680727005 0.957812488079071
