12.503982067108154 5.199846267700195
18.556138038635254 2.0662622451782227
23.036734580993652 2.1621081829071045
27.43403911590576 1.8647871017456055
31.865906953811646 2.0044491291046143
36.27583289146423 1.5664960145950317
40.65209460258484 1.9438347816467285
45.09059286117554 1.7187868356704712
49.49857997894287 1.2643646001815796
53.94429564476013 1.6516077518463135
58.340973138809204 1.3660874366760254
62.74834322929382 1.457785725593567
67.16928029060364 1.1506130695343018
71.55633640289307 1.3725932836532593
75.91955375671387 1.105331540107727
80.3272533416748 1.3875352144241333
84.6714825630188 1.1243860721588135
88.9678647518158 1.2777729034423828
93.23551297187805 1.1863243579864502
97.5124614238739 1.3335591554641724
101.8289840221405 1.1882314682006836
106.10785365104675 1.358632206916809
110.44777512550354 1.0419306755065918
114.7328610420227 1.293959140777588
119.01028394699097 1.218892216682434
123.35271716117859 1.1021795272827148
127.67440724372864 1.039773941040039
131.94161009788513 0.7766366004943848
136.19436645507812 1.1484756469726562
140.4927179813385 1.206089973449707
144.7448787689209 0.6080377101898193
149.05183744430542 0.7493523359298706
153.3081693649292 0.7968886494636536
157.6746916770935 0.8116306066513062
161.92070198059082 0.9529735445976257
166.22591257095337 0.9024972915649414
170.4896264076233 0.7639369964599609
174.7732264995575 0.703851580619812
179.07244348526 0.7570068836212158
183.3457555770874 1.0343703031539917
215.04952216148376 0.6215946674346924
221.04150676727295 0.8613495826721191
225.44553995132446 0.9207378625869751
229.81764340400696 0.9445263147354126
234.19726300239563 0.9397757053375244
238.54306936264038 0.6103960275650024
242.89824843406677 1.1076478958129883
247.2522370815277 0.6900730729103088
251.62636947631836 0.556710958480835
255.95783925056458 0.66185462474823
260.2588436603546 0.9224587678909302
264.5252914428711 0.8952186107635498
268.81284070014954 0.7025743722915649
273.08578729629517 0.795581579208374
277.440945148468 0.5375248193740845
281.70466017723083 0.920394778251648
285.9603199958801 0.7763721942901611
290.2356812953949 0.7735170125961304
294.54457688331604 0.6706589460372925
298.7714099884033 0.7482312917709351
303.0565857887268 0.7085813283920288
307.36940908432007 0.5436069369316101
311.5750811100006 0.6607625484466553
315.8194456100464 0.7266109585762024
320.0956130027771 0.8587794899940491
324.3646810054779 0.6752443313598633
328.60596561431885 0.6571085453033447
332.88544940948486 0.592576265335083
337.1712815761566 0.6053611636161804
341.4361505508423 0.7997339963912964
345.68358087539673 0.4074610769748688
349.96786999702454 0.445684552192688
354.20706725120544 0.5892558097839355
358.4709780216217 0.7371655702590942
362.71655201911926 0.7944103479385376
366.9941954612732 0.6391428709030151
371.2455072402954 0.6758543252944946
375.5517406463623 0.5478157997131348
379.77088260650635 0.48108357191085815
384.02407670021057 0.8242379426956177
416.4704601764679 0.38706594705581665
422.4692213535309 0.5610100626945496
426.86001467704773 0.8565254211425781
431.21126198768616 0.8632899522781372
435.5394341945648 0.7512588500976562
439.8755774497986 0.5722546577453613
444.2680585384369 1.1067051887512207
448.6072943210602 0.6720725297927856
452.97719049453735 0.7172254323959351
457.31347584724426 0.5816223621368408
461.6327316761017 0.683983564376831
465.99679231643677 0.9493465423583984
470.28103971481323 0.5371741056442261
474.6327793598175 0.6425521373748779
478.91339564323425 0.5982101559638977
483.27013635635376 0.7881470918655396
487.52604055404663 0.6388216018676758
491.8164858818054 0.4422736167907715
496.1406705379486 0.4999566674232483
500.46496748924255 0.5274672508239746
504.78519773483276 0.49936676025390625
509.0622055530548 0.5507789254188538
513.3597784042358 0.5209122896194458
517.6608757972717 0.5912117958068848
521.9505927562714 0.5068928003311157
526.2805268764496 0.47871068120002747
530.5802328586578 0.7130517363548279
534.9268050193787 0.544723391532898
539.213550567627 0.4809773564338684
543.5089185237885 0.6134907007217407
547.8408699035645 0.32877862453460693
552.1572365760803 0.3387439548969269
556.450131893158 0.5880429744720459
560.7260513305664 0.572953462600708
565.0074815750122 0.38617274165153503
569.2400043010712 0.5951646566390991
573.4752023220062 0.5189254283905029
577.7725040912628 0.4314655363559723
582.0439596176147 0.38875287771224976
586.2800436019897 0.6450467705726624
618.9850425720215 0.32787686586380005
624.9865596294403 0.43550562858581543
629.4453864097595 0.5853666663169861
633.8184311389923 0.5576058626174927
638.2181112766266 0.6721768975257874
642.6475541591644 0.4478851556777954
647.0616564750671 0.643968403339386
651.4581751823425 0.4704881012439728
655.8466999530792 0.5555766820907593
660.2147798538208 0.49138063192367554
664.6211891174316 0.7465270757675171
668.9951598644257 0.6884493231773376
673.4443032741547 0.4531540870666504
677.7975311279297 0.46236738562583923
682.1638786792755 0.42529651522636414
686.5406577587128 0.5493855476379395
690.9184849262238 0.5264157056808472
695.2236807346344 0.40889519453048706
699.5825672149658 0.5118409991264343
703.9420430660248 0.31044429540634155
708.2649879455566 0.5854139924049377
712.5375623703003 0.3835878372192383
716.8637444972992 0.43536025285720825
721.1680765151978 0.5335032939910889
725.466474533081 0.5156673789024353
729.8248023986816 0.45135214924812317
734.1688942909241 0.3586317300796509
738.4605948925018 0.3963429927825928
742.7922730445862 0.335813045501709
747.1169052124023 0.7461901307106018
751.428507566452 0.3060154914855957
755.7756180763245 0.35472187399864197
760.0450322628021 0.5104774236679077
764.321277141571 0.35855045914649963
768.6362271308899 0.36196956038475037
772.93204164505 0.659892201423645
777.2180895805359 0.46703487634658813
781.5262401103973 0.3092208206653595
785.8670296669006 0.4746590256690979
790.1582036018372 0.46715012192726135
822.4729392528534 0.3221592605113983
828.5124843120575 0.3334473967552185
832.9445192813873 0.6352109909057617
837.3399951457977 0.7130053043365479
841.7175559997559 0.5569497346878052
846.138640165329 0.3929752707481384
850.4982073307037 0.6234989762306213
854.8825895786285 0.3619409501552582
859.2888357639313 0.5157458782196045
863.7065703868866 0.31423330307006836
868.0407562255859 0.4505087733268738
872.3303022384644 0.5301738977432251
876.6792073249817 0.38413646817207336
881.0618262290955 0.28636229038238525
885.4902811050415 0.365434855222702
889.8165063858032 0.5584288239479065
894.0734293460846 0.513813853263855
898.3579723834991 0.38261866569519043
902.6552658081055 0.4958021640777588
906.9657526016235 0.35538461804389954
911.3116285800934 0.48028168082237244
915.6263518333435 0.3638804256916046
919.9272735118866 0.37599578499794006
924.2092130184174 0.525269627571106
928.4780147075653 0.39525070786476135
932.7374963760376 0.4578002095222473
937.0600571632385 0.3634721338748932
941.3477795124054 0.3151872158050537
945.62091755867 0.3042452037334442
949.9330868721008 0.6472722291946411
954.2159259319305 0.29819586873054504
958.4682648181915 0.28198331594467163
962.7809879779816 0.514046311378479
967.0415623188019 0.3089102804660797
971.3737347126007 0.43779242038726807
975.689374923706 0.4025942087173462
980.0104687213898 0.33705979585647583
984.3301541805267 0.3575301468372345
988.635281085968 0.3479992747306824
992.908839225769 0.4758918881416321
1024.7381315231323 0.25798895955085754
1030.7200901508331 0.3544367253780365
1035.1302485466003 0.668563723564148
1039.5779554843903 0.44206470251083374
1043.9282746315002 0.448415070772171
1048.2749407291412 0.35074666142463684
1052.658414363861 0.45499393343925476
1057.0024101734161 0.4614832401275635
1061.300889492035 0.41434815526008606
1065.6189086437225 0.451705664396286
1069.9365665912628 0.38473740220069885
1074.2285089492798 0.6054913401603699
1078.5005803108215 0.44263070821762085
1082.7375588417053 0.43588492274284363
1087.0460014343262 0.33737340569496155
1091.3190276622772 0.5553165078163147
1095.6051471233368 0.42618218064308167
1099.9406685829163 0.4489465057849884
1104.1680791378021 0.51360684633255
1108.3667950630188 0.4504162669181824
1112.6297492980957 0.30575960874557495
1116.877191066742 0.2679024636745453
1121.1476826667786 0.29249995946884155
1125.3805277347565 0.3629004955291748
1129.6405146121979 0.357828289270401
1133.9709253311157 0.3584893047809601
1138.1948108673096 0.3705252408981323
1142.435581445694 0.35548385977745056
1146.6999385356903 0.4088996648788452
1150.9785254001617 0.42531830072402954
1155.2145042419434 0.2646924555301666
1159.4336502552032 0.2981913685798645
1163.727705001831 0.40917304158210754
1167.9630858898163 0.5384533405303955
1172.226582288742 0.48925670981407166
1176.5114483833313 0.36197584867477417
1180.7615694999695 0.5314029455184937
1185.0362355709076 0.3681719899177551
1189.3332092761993 0.34723812341690063
1193.6046657562256 0.3868996202945709
1226.6635148525238 0.2673492133617401
1232.7418568134308 0.28812265396118164
1237.1484537124634 0.46571028232574463
1241.6004235744476 0.6165667176246643
1245.9935750961304 0.3996346592903137
1250.4145605564117 0.44765451550483704
1254.8185760974884 0.5545169115066528
1259.212120294571 0.3813890814781189
1263.5819919109344 0.5492731928825378
1267.927231311798 0.32670897245407104
1272.2674219608307 0.3658718466758728
1276.5774095058441 0.6281434297561646
1280.8651688098907 0.3453223705291748
1285.1586894989014 0.36874768137931824
1289.459524154663 0.3915363550186157
1293.748544216156 0.4244883060455322
1298.07080411911 0.29193660616874695
1302.394196987152 0.36919042468070984
1306.6952006816864 0.4795936942100525
1310.9437704086304 0.3170831501483917
1315.2852365970612 0.369004487991333
1319.6044838428497 0.36570242047309875
1323.8999009132385 0.30812129378318787
1328.1713173389435 0.5536993145942688
1332.4260997772217 0.3164175748825073
1336.6907517910004 0.3213368058204651
1340.9587783813477 0.30420464277267456
1345.2190053462982 0.35761669278144836
1349.4805550575256 0.30470895767211914
1353.74453830719 0.4593561589717865
1357.997991323471 0.2749837338924408
1362.2534153461456 0.29131239652633667
1366.5118689537048 0.49217474460601807
1370.7232539653778 0.440185010433197
1375.0437438488007 0.3716837763786316
1379.353598833084 0.47672057151794434
1383.6580364704132 0.4370771646499634
1387.9616420269012 0.3020855784416199
1392.2110438346863 0.30724549293518066
1396.4736325740814 0.38575464487075806
1428.934211730957 0.24679748713970184
1435.021080493927 0.2909361720085144
1439.4088320732117 0.37169957160949707
1443.8184869289398 0.6007184982299805
1448.22718667984 0.4702828526496887
1452.6650650501251 0.32841604948043823
1457.0427935123444 0.5055566430091858
1461.4366986751556 0.39582139253616333
1465.8075823783875 0.42330628633499146
1470.1346526145935 0.3759791851043701
1474.476577758789 0.375415563583374
1478.8175582885742 0.3836965262889862
1483.1621029376984 0.2948736548423767
1487.4642724990845 0.3717450797557831
1491.7798125743866 0.28958484530448914
1496.1213059425354 0.3088412284851074
1500.4400279521942 0.4413967728614807
1504.751179933548 0.47124725580215454
1509.0741987228394 0.38604220747947693
1513.401552438736 0.3167210817337036
1517.7023751735687 0.3502476215362549
1522.0449883937836 0.26066064834594727
1526.3712940216064 0.29674768447875977
1530.713305234909 0.49504736065864563
1534.997386932373 0.361794650554657
1539.2907247543335 0.4138737618923187
1543.5876140594482 0.3934246301651001
1547.9059393405914 0.40864676237106323
1552.2609610557556 0.36663925647735596
1556.5901727676392 0.48830538988113403
1560.8902189731598 0.30305343866348267
1565.1566393375397 0.2547203302383423
1569.442955493927 0.3139052093029022
1573.7225012779236 0.5687175989151001
1577.9719610214233 0.40668463706970215
1582.2904934883118 0.3040693402290344
1586.5315670967102 0.3712208867073059
1590.8204636573792 0.3279191255569458
1595.1063981056213 0.2974163889884949
1599.4106872081757 0.3176765441894531
1631.7629718780518 0.23685713112354279
1637.7364168167114 0.3225673735141754
1642.1509602069855 0.4691660702228546
1646.5448842048645 0.2718052864074707
1650.9454243183136 0.4206678569316864
1655.293732881546 0.2750709652900696
1659.6904554367065 0.5366806387901306
1664.0336527824402 0.3469961881637573
1668.324943304062 0.4188649654388428
1672.6382319927216 0.41229960322380066
1676.9039595127106 0.41559267044067383
1681.2074098587036 0.5377897620201111
1685.5365252494812 0.4484454095363617
1689.8935594558716 0.3242027759552002
1694.2125055789948 0.32065901160240173
1698.4827015399933 0.319152295589447
1702.8083193302155 0.3518048822879791
1707.0744593143463 0.26802417635917664
1711.3682506084442 0.4114311933517456
1715.6495056152344 0.48363810777664185
1719.9736859798431 0.387328565120697
1724.315729856491 0.3332101106643677
1728.6322815418243 0.289856880903244
1732.866605758667 0.3289298713207245
1737.1237790584564 0.37664633989334106
1741.4118158817291 0.27061447501182556
1745.7061786651611 0.38059860467910767
1749.950788974762 0.3000098764896393
1754.2321798801422 0.405472993850708
1758.4817523956299 0.39025551080703735
1762.782508134842 0.325933575630188
1767.0168008804321 0.3303016424179077
1771.2968010902405 0.35339120030403137
1775.6194369792938 0.4788554906845093
1779.8935799598694 0.27968376874923706
1784.1191968917847 0.3010755181312561
1788.3850331306458 0.39636483788490295
1792.6672582626343 0.42194128036499023
1796.9257409572601 0.3193494975566864
1801.2425329685211 0.2950490415096283
1833.8460140228271 0.400495707988739
1839.8677701950073 0.24885542690753937
1844.2872700691223 0.41623955965042114
1848.73823928833 0.543218195438385
1853.118367433548 0.4482964873313904
1857.5405848026276 0.28929704427719116
1861.8828475475311 0.35718676447868347
1866.2518665790558 0.3603428304195404
1870.615714788437 0.3332751989364624
1874.9456253051758 0.2714589238166809
1879.3265607357025 0.33507734537124634
1883.6920161247253 0.6221306920051575
1888.0511870384216 0.4087921977043152
1892.453025817871 0.42888689041137695
1896.8035469055176 0.25231146812438965
1901.1749136447906 0.4216340184211731
1905.5529391765594 0.307705819606781
1909.9192399978638 0.26199084520339966
1914.2900927066803 0.4656435251235962
1918.6006758213043 0.24431653320789337
1922.8947620391846 0.3163042962551117
1927.1851720809937 0.3216620087623596
1931.4718697071075 0.252166748046875
1935.754198551178 0.2902165651321411
1940.0582332611084 0.3398042917251587
1944.334625005722 0.32465195655822754
1948.59894657135 0.36201536655426025
1952.9182977676392 0.32823240756988525
1957.262701511383 0.28921204805374146
1961.5768847465515 0.4201993942260742
1965.8688235282898 0.29664525389671326
1970.1506662368774 0.29185956716537476
1974.418208360672 0.35082459449768066
1978.678346157074 0.2939731478691101
1982.9679915904999 0.24713578820228577
1987.2467248439789 0.3047216236591339
1991.5231285095215 0.34081634879112244
1995.8084452152252 0.2666805684566498
2000.121253490448 0.26993510127067566
2004.4367327690125 0.4766700267791748
2037.1857523918152 0.24304750561714172
2043.2298438549042 0.2925569415092468
2047.6426157951355 0.5408501029014587
2052.028276205063 0.4269821047782898
2056.3478224277496 0.3071497082710266
2060.6727619171143 0.23950903117656708
2065.0130701065063 0.5292314291000366
2069.3694128990173 0.37793564796447754
2073.7926592826843 0.30489981174468994
2078.1489522457123 0.3748425245285034
2082.468458890915 0.49861228466033936
2086.801915884018 0.3625272512435913
2091.1238124370575 0.27733105421066284
2095.4068982601166 0.3828091025352478
2099.734477043152 0.23306702077388763
2104.0004467964172 0.4405055344104767
2108.251650094986 0.2644619941711426
2112.5109519958496 0.2617648243904114
2116.7999355793 0.2660922110080719
2121.1023485660553 0.28715354204177856
2125.4370160102844 0.3682173490524292
2129.7443215847015 0.27632302045822144
2134.0146222114563 0.2472030371427536
2138.3215713500977 0.5082892179489136
2142.6032338142395 0.2697795629501343
2146.8652625083923 0.47283071279525757
2151.137912273407 0.5495108366012573
2155.465056180954 0.31379979848861694
2159.7798635959625 0.30916187167167664
2164.1084349155426 0.4142596125602722
2168.3612797260284 0.24115297198295593
2172.6777396202087 0.24781379103660583
2176.9846415519714 0.31215304136276245
2181.254442691803 0.27279889583587646
2185.5174658298492 0.35327550768852234
2189.7666516304016 0.41455477476119995
2193.9976596832275 0.45256057381629944
2198.2613501548767 0.3941817581653595
2202.501082420349 0.29287195205688477
2206.829847097397 0.2821860909461975
2239.05707859993 0.25077497959136963
2245.2114157676697 0.2703143358230591
2249.605089902878 0.4398767948150635
2253.966217279434 0.49622565507888794
2258.2726817131042 0.3722746968269348
2262.5788567066193 0.35239583253860474
2266.9215087890625 0.3781130313873291
2271.2397453784943 0.39754921197891235
2275.5360357761383 0.3076637387275696
2279.8730385303497 0.35562339425086975
2284.1886270046234 0.3210717439651489
2288.50621676445 0.40346166491508484
2292.7888519763947 0.33841004967689514
2297.135964155197 0.4115898609161377
2301.4198253154755 0.36035314202308655
2305.705166578293 0.3094273507595062
2309.9838378429413 0.29418373107910156
2314.2425575256348 0.2789721190929413
2318.5068883895874 0.33393430709838867
2322.778359889984 0.3434916138648987
2327.052048444748 0.28456375002861023
2331.312237739563 0.27261093258857727
2335.613590478897 0.33050453662872314
2339.8636298179626 0.3433366119861603
2344.1577908992767 0.26669320464134216
2348.4043278694153 0.4912148118019104
2352.6564462184906 0.30062684416770935
2356.8906939029694 0.2552699148654938
2361.170070171356 0.27278417348861694
2365.4107694625854 0.3605148494243622
2369.66818523407 0.37786489725112915
2373.992120027542 0.2459154725074768
2378.358691215515 0.3397147059440613
2382.699115753174 0.44683682918548584
2386.9928143024445 0.3732259273529053
2391.3027482032776 0.4209231436252594
2395.5362408161163 0.3196277618408203
2399.841840982437 0.24993832409381866
2404.1166961193085 0.2566814124584198
2408.4141235351562 0.37028270959854126
2441.267577648163 0.3405553102493286
2447.410729408264 0.288033664226532
2451.8675632476807 0.34885174036026
2456.2821187973022 0.4678057134151459
2460.6761252880096 0.38362330198287964
2465.0773873329163 0.2390981912612915
2469.512877225876 0.38463324308395386
2473.907349586487 0.27876052260398865
2478.3311524391174 0.28484779596328735
2482.7330667972565 0.25887173414230347
2487.1509568691254 0.2772783041000366
2491.5561542510986 0.3703809678554535
2495.95303273201 0.364301860332489
2500.337795495987 0.49117904901504517
2504.7044258117676 0.3954889178276062
2509.1011097431183 0.4465028643608093
2513.5121710300446 0.3120808005332947
2517.8705372810364 0.29402679204940796
2522.2309560775757 0.42486026883125305
2526.5762865543365 0.2415255755186081
2530.952412366867 0.30839312076568604
2535.3082032203674 0.2489304393529892
2539.6433839797974 0.2872769236564636
2543.9908871650696 0.48576319217681885
2548.3375372886658 0.3525369167327881
2552.725434064865 0.31348881125450134
2557.0486013889313 0.2833743989467621
2561.4152314662933 0.28876885771751404
2565.723448753357 0.30451536178588867
2570.0151901245117 0.2862800061702728
2574.3368268013 0.25278782844543457
2578.647634267807 0.24578654766082764
2582.9538145065308 0.2609900236129761
2587.2925477027893 0.3619787395000458
2591.574382543564 0.26580244302749634
2595.8534548282623 0.30948126316070557
2600.14195728302 0.2779823839664459
2604.3882489204407 0.23817254602909088
2608.7010128498077 0.239381805062294
2613.0229122638702 0.4027389883995056
2645.6968698501587 0.29869359731674194
2651.7240538597107 0.41621124744415283
2656.1525027751923 0.7799186110496521
2660.5795514583588 0.2589813768863678
2664.954559803009 0.5558245182037354
2669.335905790329 0.29723089933395386
2673.7498157024384 0.37389713525772095
2678.1738555431366 0.26848047971725464
2682.5898785591125 0.5062716603279114
2686.9986391067505 0.27234888076782227
2691.425766468048 0.3328142762184143
2695.791884660721 0.44599413871765137
2700.1449344158173 0.39212214946746826
2704.5489921569824 0.2593226730823517
2708.9661858081818 0.3370281159877777
2713.289446115494 0.39639317989349365
2717.6801126003265 0.2509987950325012
2722.0311963558197 0.40092700719833374
2726.3990931510925 0.2805315852165222
2730.7587265968323 0.28729474544525146
2735.0872786045074 0.24792280793190002
2739.4620521068573 0.2703324854373932
2743.816733598709 0.24726831912994385
2748.152552127838 0.26716774702072144
2752.5149018764496 0.551122784614563
2756.890002965927 0.26818808913230896
2761.2270476818085 0.3409495949745178
2765.6066381931305 0.4345453381538391
2769.947974920273 0.2506118416786194
2774.2841658592224 0.5013558864593506
2778.6304931640625 0.2354075163602829
2782.9673187732697 0.27141931653022766
2787.3041756153107 0.40972399711608887
2791.6482474803925 0.2559792697429657
2796.010247707367 0.3338623046875
2800.3951416015625 0.25595590472221375
2804.7288954257965 0.2897758185863495
2809.025800228119 0.2858278751373291
2813.3301587104797 0.2957238554954529
2817.6039011478424 0.26900625228881836
2850.2725365161896 0.24572448432445526
2856.264322042465 0.26500973105430603
2860.70898604393 0.3803577423095703
2865.1211228370667 0.27000880241394043
2869.546570301056 0.35379359126091003
2873.959591627121 0.2656407952308655
2878.363477706909 0.38573721051216125
2882.775895357132 0.284570574760437
2887.1585745811462 0.41315191984176636
2891.5261709690094 0.31706541776657104
2895.850603580475 0.30456578731536865
2900.2215428352356 0.44718170166015625
2904.5835638046265 0.2726850211620331
2908.944967508316 0.46716007590293884
2913.3208832740784 0.25235748291015625
2917.685389280319 0.2949139475822449
2922.0774295330048 0.3188088536262512
2926.4547386169434 0.3614799976348877
2930.7922484874725 0.33803290128707886
2935.119587659836 0.2932963967323303
2939.4420177936554 0.247806116938591
2943.8254630565643 0.23300263285636902
2948.1300876140594 0.32488036155700684
2952.449051141739 0.5238140821456909
2956.7590947151184 0.3932461142539978
2961.157921552658 0.28487226366996765
2965.4731996059418 0.42930155992507935
2969.7878127098083 0.308743953704834
2974.0877470970154 0.304796040058136
2978.3568003177643 0.46984779834747314
2982.623820066452 0.24684910476207733
2986.899726867676 0.26071697473526
2991.1991107463837 0.2618033289909363
2995.5384187698364 0.2984151840209961
2999.8202588558197 0.3569556474685669
3004.0848681926727 0.3859066665172577
3008.404415845871 0.34381523728370667
3012.749122619629 0.3830491900444031
3017.0917298793793 0.3938155174255371
3021.376801967621 0.4069001078605652
3054.199245929718 0.2517622411251068
3060.211601257324 0.25545865297317505
3064.604449033737 0.3866764307022095
3068.9887189865112 0.6337842345237732
3073.350598335266 0.3555898666381836
3077.7507655620575 0.2301536351442337
3082.134268760681 0.5224888324737549
3086.5256338119507 0.28034934401512146
3090.921968460083 0.3554028868675232
3095.276070833206 0.46413230895996094
3099.6210980415344 0.31501445174217224
3103.944483280182 0.39475154876708984
3108.3014850616455 0.47233718633651733
3112.6235592365265 0.23307089507579803
3116.9489464759827 0.25853902101516724
3121.3409237861633 0.3455175757408142
3125.69354391098 0.3816770911216736
3129.994567632675 0.4490022361278534
3134.282648086548 0.4899747967720032
3138.668113231659 0.2539612352848053
3142.939465045929 0.3740174174308777
3147.243983268738 0.24835863709449768
3151.4789958000183 0.3129231333732605
3155.780105113983 0.43249183893203735
3160.069571495056 0.25592052936553955
3164.325359582901 0.2632767856121063
3168.595199584961 0.32659560441970825
3172.9188194274902 0.23665031790733337
3177.2194867134094 0.29836416244506836
3181.5131142139435 0.5234703421592712
3185.807874917984 0.4868476986885071
3190.0892477035522 0.2740234136581421
3194.4134225845337 0.4182623028755188
3198.7589042186737 0.2518332004547119
3203.013328552246 0.2690039277076721
3207.313403606415 0.3421592116355896
3211.614295721054 0.31130698323249817
3215.9359409809113 0.29253798723220825
3220.1869690418243 0.30870363116264343
3224.5181839466095 0.39955997467041016
3256.1253163814545 0.25377920269966125
3262.1370646953583 0.23804746568202972
3266.5057530403137 0.575287938117981
3270.921797275543 0.5275806188583374
3275.2878618240356 0.2754119038581848
3279.5499045848846 0.23089253902435303
3283.846777677536 0.5265604853630066
3288.155187368393 0.41433537006378174
3292.4304859638214 0.26205527782440186
3296.7921693325043 0.3612241744995117
3301.124186038971 0.2539297938346863
3305.425286769867 0.2859587073326111
3309.7162957191467 0.45650672912597656
3314.018695831299 0.3218112587928772
3318.2951798439026 0.3598535656929016
3322.5744059085846 0.425086110830307
3326.8659360408783 0.29586857557296753
3331.157886981964 0.47412729263305664
3335.420063972473 0.2341466248035431
3339.6338477134705 0.24900591373443604
3343.9265151023865 0.3028688430786133
3348.245489835739 0.2408512681722641
3352.5313713550568 0.46845459938049316
3356.8040885925293 0.3486729860305786
3361.0722482204437 0.24931864440441132
3365.35164809227 0.41788291931152344
3369.6103343963623 0.34327346086502075
3373.880317211151 0.23803551495075226
3378.178864479065 0.23418587446212769
3382.468874692917 0.31531140208244324
3386.714104652405 0.2558320164680481
3391.0365750789642 0.27151328325271606
3395.2900586128235 0.4284289479255676
3399.521472930908 0.3026728630065918
3403.7669866085052 0.4334181547164917
3408.0389533042908 0.43677252531051636
3412.279382944107 0.29604434967041016
3416.547968864441 0.2627374231815338
3420.7829065322876 0.24901027977466583
3425.0859999656677 0.2974497973918915
3458.1006560325623 0.2468615025281906
3464.202184677124 0.24475127458572388
3468.584542274475 0.6072524785995483
3473.007400751114 0.28782588243484497
3477.3837399482727 0.2761684060096741
3481.7245404720306 0.3104861080646515
3486.0741653442383 0.34781885147094727
3490.4473719596863 0.2310383915901184
3494.7877147197723 0.3688916265964508
3499.164320707321 0.30230894684791565
3503.4804224967957 0.24474036693572998
3507.8421976566315 0.3746986389160156
3512.1531846523285 0.3819493055343628
3516.5130174160004 0.3241931200027466
3520.9000952243805 0.25313040614128113
3525.2666721343994 0.2537773847579956
3529.6233880519867 0.30165615677833557
3533.9916837215424 0.36409133672714233
3538.366286754608 0.615357518196106
3542.7561621665955 0.27194708585739136
3547.0692653656006 0.28846457600593567
3551.4027729034424 0.24689719080924988
3555.6939816474915 0.2698901295661926
3560.0456132888794 0.35825440287590027
3564.2935683727264 0.34477749466896057
3568.556277513504 0.32290157675743103
3572.85543012619 0.4130074381828308
3577.1593160629272 0.29724717140197754
3581.428779602051 0.25798431038856506
3585.6948029994965 0.40234822034835815
3589.9535257816315 0.276852548122406
3594.2705290317535 0.32250940799713135
3598.560870409012 0.37153470516204834
3602.8497693538666 0.2533847689628601
3607.1097548007965 0.24276049435138702
3611.3676269054413 0.3118633031845093
3615.654725551605 0.3018983006477356
3619.930985212326 0.29129382967948914
3624.221420288086 0.2392253279685974
3628.484606027603 0.25522688031196594
3660.9508187770844 0.24417299032211304
3666.9408316612244 0.4067244529724121
3671.3874304294586 0.46227866411209106
3675.8371393680573 0.36936479806900024
3680.2843627929688 0.30543649196624756
3684.7051062583923 0.2779741883277893
3689.1675090789795 0.4547792077064514
3693.5523285865784 0.4302084445953369
3697.9063522815704 0.28303006291389465
3702.2980031967163 0.25379741191864014
3706.7115712165833 0.3087632358074188
3711.1020696163177 0.602431058883667
3715.474222421646 0.3431471586227417
3719.8519966602325 0.23445555567741394
3724.195638179779 0.26992520689964294
3728.5118691921234 0.29900217056274414
3732.8685641288757 0.2499181032180786
3737.22061252594 0.237815722823143
3741.559303998947 0.31762439012527466
3745.889281272888 0.32601866126060486
3750.1438326835632 0.3025846779346466
3754.4287922382355 0.2381710708141327
3758.7565116882324 0.3104360103607178
3763.0918910503387 0.29601046442985535
3767.3872017860413 0.26113489270210266
3771.6366596221924 0.2704547643661499
3775.9276251792908 0.4453936815261841
3780.2505371570587 0.32400354743003845
3784.556485891342 0.36702603101730347
3788.8461949825287 0.2712029814720154
3793.161832332611 0.23168469965457916
3797.4213433265686 0.22856995463371277
3801.6912121772766 0.3008681535720825
3805.9879806041718 0.4444860816001892
3810.242983341217 0.2536918520927429
3814.5440905094147 0.2676762342453003
3818.7947742938995 0.37329769134521484
3823.0620760917664 0.3082997500896454
3827.3358478546143 0.2406764179468155
3831.6530175209045 0.4043721854686737
3863.834828853607 0.22972317039966583
3869.8016681671143 0.2420707792043686
3874.1998875141144 0.3599804639816284
3878.6043288707733 0.36078396439552307
3882.9899072647095 0.42436501383781433
3887.3589210510254 0.39773595333099365
3891.7503826618195 0.5073999166488647
3896.1528210639954 0.28465402126312256
3900.4714455604553 0.2931336760520935
3904.7814407348633 0.23311969637870789
3909.1450140476227 0.24732203781604767
3913.4803709983826 0.41928964853286743
3917.7977879047394 0.2645855247974396
3922.203455924988 0.25906720757484436
3926.5357043743134 0.23226706683635712
3930.8350698947906 0.25289878249168396
3935.1933495998383 0.3045816719532013
3939.5395398139954 0.4053030014038086
3943.828782081604 0.4525899291038513
3948.1046364307404 0.29083549976348877
3952.43421626091 0.3021301031112671
3956.8072307109833 0.3020475506782532
3961.102205514908 0.2681095600128174
3965.3770310878754 0.30512842535972595
3969.619328737259 0.3861590027809143
3973.9407255649567 0.3065015971660614
3978.1824684143066 0.3067636787891388
3982.4436786174774 0.31323689222335815
3986.696443796158 0.2810773551464081
3990.93448638916 0.3595777153968811
3995.1563386917114 0.22892984747886658
3999.433276414871 0.2284700870513916
4003.6686778068542 0.32990944385528564
4007.944839000702 0.25897541642189026
4012.1979398727417 0.3298943042755127
4016.5072827339172 0.48952537775039673
4020.8125858306885 0.3886125087738037
4025.097781419754 0.3421335816383362
4029.3797602653503 0.29238030314445496
4033.655523300171 0.286869615316391
4066.2844376564026 0.2732483744621277
4072.2902376651764 0.240272656083107
4076.735575437546 0.427194207906723
4081.1340816020966 0.33054375648498535
4085.564581155777 0.3104928731918335
4089.923147201538 0.26472237706184387
4094.3070702552795 0.32768183946609497
4098.692519664764 0.28415727615356445
4103.019493341446 0.3013036847114563
4107.37348484993 0.22613807022571564
4111.755608320236 0.3187333643436432
4116.089307308197 0.30550605058670044
4120.406594991684 0.3903356194496155
4124.6870884895325 0.35043394565582275
4128.984395742416 0.2577191889286041
4133.272487640381 0.4103063642978668
4137.586182117462 0.38404256105422974
4141.881951808929 0.35376212000846863
4146.208605766296 0.2422303408384323
4150.507236242294 0.30997759103775024
4154.7966458797455 0.33619168400764465
4159.090215444565 0.2643299996852875
4163.395431995392 0.2986452579498291
4167.67773270607 0.3375868797302246
4172.000531673431 0.261470764875412
4176.290992736816 0.246892049908638
4180.591613531113 0.29851242899894714
4184.881769418716 0.2478945553302765
4189.208713531494 0.3519732654094696
4193.515781402588 0.2692570984363556
4197.8224902153015 0.2546137273311615
4202.10172867775 0.23600134253501892
4206.365517377853 0.23359689116477966
4210.662092208862 0.3412184715270996
4214.937097072601 0.26662877202033997
4219.175418138504 0.372090607881546
4223.418633937836 0.2952420115470886
4227.72959446907 0.25261011719703674
4231.972879648209 0.24902722239494324
4236.257564306259 0.4907299280166626
