11.840043544769287 0.125
17.99690341949463 0.171875
22.505353212356567 0.1770833283662796
26.978458404541016 0.25
31.550352811813354 0.26875001192092896
35.986597776412964 0.2864583432674408
40.472917795181274 0.2901785671710968
44.97227144241333 0.3046875
49.44327235221863 0.3368055522441864
53.890257120132446 0.3531250059604645
58.3959174156189 0.36647728085517883
62.86610555648804 0.3958333432674408
67.32837104797363 0.41826921701431274
71.76489925384521 0.4352678656578064
76.21912670135498 0.44999998807907104
80.65790152549744 0.45703125
85.11130952835083 0.4742647111415863
89.4934401512146 0.4826388955116272
93.86763620376587 0.4934210479259491
98.25900149345398 0.503125011920929
102.68719553947449 0.507440447807312
107.00946807861328 0.515625
111.41710209846497 0.5244565010070801
115.78439116477966 0.53125
120.15256762504578 0.5400000214576721
124.51868319511414 0.5456730723381042
128.9205343723297 0.5543981194496155
133.26915526390076 0.5647321343421936
137.6418023109436 0.5732758641242981
141.95507049560547 0.5791666507720947
146.36105227470398 0.5877016186714172
150.6725618839264 0.595703125
155.00939059257507 0.6041666865348816
159.36452984809875 0.607536792755127
163.73676204681396 0.6107142567634583
168.07222056388855 0.6163194179534912
172.38675475120544 0.6233108043670654
176.71012425422668 0.6274670958518982
181.02914595603943 0.6314102411270142
185.3331115245819 0.6351562738418579
217.47512340545654 0.875
223.6233344078064 0.828125
228.0998044013977 0.8333333134651184
232.6086368560791 0.84375
237.15338826179504 0.8125
241.62548828125 0.8229166865348816
246.15425086021423 0.7991071343421936
250.65067553520203 0.81640625
255.15112233161926 0.8229166865348816
259.6331214904785 0.831250011920929
264.09966683387756 0.8238636255264282
268.5756187438965 0.8203125
273.05042576789856 0.8269230723381042
277.5053789615631 0.8214285969734192
281.9890356063843 0.8270833492279053
286.4333770275116 0.830078125
290.9261898994446 0.8290441036224365
295.43364453315735 0.8315972089767456
299.85233306884766 0.8305920958518982
304.2807981967926 0.8374999761581421
308.70705246925354 0.836309552192688
313.15626645088196 0.8380681872367859
317.5873067378998 0.84375
322.03245997428894 0.8424479365348816
326.4788348674774 0.8412500023841858
330.8628933429718 0.8413461446762085
335.3296411037445 0.8414351940155029
339.7778398990631 0.84375
344.20299792289734 0.84375
348.5899193286896 0.8427083492279053
352.99479961395264 0.8457661271095276
357.39096879959106 0.8505859375
361.8875093460083 0.8532196879386902
366.2701737880707 0.8538603186607361
370.7270474433899 0.8517857193946838
375.145254611969 0.8515625
379.52724957466125 0.8505067825317383
383.904545545578 0.8511512875556946
388.29047775268555 0.8509615659713745
392.6940152645111 0.852343738079071
425.8516843318939 1.0
431.93254041671753 0.953125
436.3658514022827 0.90625
440.8071324825287 0.875
445.2539234161377 0.8500000238418579
449.6805646419525 0.8697916865348816
454.11633372306824 0.8660714030265808
458.5527980327606 0.8671875
462.8931486606598 0.8784722089767456
467.2538537979126 0.8812500238418579
471.6077392101288 0.8778409361839294
476.0151946544647 0.875
480.33643198013306 0.875
484.7270288467407 0.875
489.0521671772003 0.8833333253860474
493.38646697998047 0.87890625
497.74095273017883 0.8823529481887817
502.07774353027344 0.8836805820465088
506.4367685317993 0.8848684430122375
510.7778124809265 0.887499988079071
515.1506412029266 0.8883928656578064
519.5101609230042 0.890625
523.8366515636444 0.89402174949646
528.2123720645905 0.890625
532.5433537960052 0.8924999833106995
536.8666508197784 0.890625
541.147700548172 0.8900462985038757
545.4917507171631 0.8917410969734192
549.8613040447235 0.8911637663841248
554.1738550662994 0.8895833492279053
558.4946911334991 0.8921371102333069
562.7670981884003 0.89453125
567.0601506233215 0.8939393758773804
571.3841731548309 0.8943014740943909
575.7096531391144 0.8946428298950195
580.0496685504913 0.8967013955116272
584.3861927986145 0.8944256901741028
588.6838035583496 0.8972039222717285
592.9961702823639 0.8974359035491943
597.2971560955048 0.899218738079071
630.6055417060852 1.0
636.7039155960083 0.984375
641.1930646896362 0.9375
645.6748201847076 0.921875
650.1440048217773 0.918749988079071
654.6119339466095 0.921875
659.1057376861572 0.90625
663.5898158550262 0.91015625
668.0330467224121 0.9097222089767456
672.4713306427002 0.9125000238418579
676.9015979766846 0.9090909361839294
681.3575959205627 0.9088541865348816
685.8738086223602 0.9134615659713745
690.3884036540985 0.9151785969734192
694.8627107143402 0.9166666865348816
699.3146409988403 0.91796875
703.7677481174469 0.9191176295280457
708.1962881088257 0.9166666865348816
712.665929555893 0.9144737124443054
717.0911817550659 0.918749988079071
721.5827088356018 0.9166666865348816
725.9903066158295 0.9176136255264282
730.4129872322083 0.9198369383811951
734.8419141769409 0.9192708134651184
739.2452580928802 0.918749988079071
743.623777627945 0.9182692170143127
748.055549621582 0.9166666865348816
752.4740452766418 0.9174107313156128
756.9004414081573 0.9181034564971924
761.2537143230438 0.918749988079071
765.6772141456604 0.9213709831237793
770.1098687648773 0.919921875
774.535970211029 0.9204545617103577
778.934454202652 0.9181985259056091
783.3545780181885 0.9169642925262451
787.7786817550659 0.9184027910232544
792.1836295127869 0.9172297120094299
796.6390988826752 0.9177631735801697
801.0054676532745 0.9190705418586731
805.4223401546478 0.9195312261581421
838.0993566513062 0.96875
844.2068905830383 0.984375
848.7072596549988 0.9479166865348816
853.2279822826385 0.921875
857.723141670227 0.8999999761581421
862.2198741436005 0.9010416865348816
866.7079691886902 0.8973214030265808
871.16091132164 0.8984375
875.6381583213806 0.8993055820465088
880.1112675666809 0.90625
884.5968313217163 0.9119318127632141
889.0762014389038 0.9088541865348816
893.560135602951 0.9134615659713745
898.0126779079437 0.9196428656578064
902.4850225448608 0.9208333492279053
906.9297173023224 0.921875
911.3480548858643 0.9246323704719543
915.8273384571075 0.9270833134651184
920.2269968986511 0.9276315569877625
924.6460952758789 0.9281250238418579
929.0958180427551 0.9270833134651184
933.4941968917847 0.9289772510528564
937.8902432918549 0.9307065010070801
942.3145775794983 0.9296875
946.745213508606 0.9312499761581421
951.2525553703308 0.932692289352417
955.6689231395721 0.9328703880310059
960.0509355068207 0.9319196343421936
964.4292230606079 0.9342672228813171
968.8241257667542 0.9354166388511658
973.2555298805237 0.9375
977.6836922168732 0.939453125
982.0609443187714 0.9384469985961914
986.4143497943878 0.939338207244873
990.8174293041229 0.9401785731315613
995.2799062728882 0.9392361044883728
999.6378285884857 0.9391891956329346
1003.9848470687866 0.9383223652839661
1008.3454079627991 0.9391025900840759
1012.6826519966125 0.9390624761581421
1045.254433631897 1.0
1051.3127641677856 0.984375
1055.7894854545593 0.9375
1060.2906410694122 0.8984375
1064.7148387432098 0.90625
1069.1970813274384 0.9166666865348816
1073.683022737503 0.90625
1078.111252784729 0.91015625
1082.5684053897858 0.9097222089767456
1086.9874079227448 0.9156249761581421
1091.4291093349457 0.9147727489471436
1095.8776485919952 0.9140625
1100.2957479953766 0.9158653616905212
1104.7256443500519 0.9151785969734192
1109.1334981918335 0.9166666865348816
1113.5513126850128 0.91796875
1117.9425873756409 0.9191176295280457
1122.3634672164917 0.921875
1126.7569890022278 0.9243420958518982
1131.1200840473175 0.926562488079071
1135.501839876175 0.9226190447807312
1139.9488196372986 0.9232954382896423
1144.400342464447 0.92527174949646
1148.7491071224213 0.92578125
1153.0696923732758 0.9225000143051147
1157.4155569076538 0.9230769276618958
1161.7955067157745 0.9236111044883728
1166.2049341201782 0.9252232313156128
1170.6010673046112 0.9245689511299133
1175.0013544559479 0.9229166507720947
1179.3893353939056 0.9233871102333069
1183.7837495803833 0.92578125
1188.1669943332672 0.9270833134651184
1192.5867919921875 0.9273896813392639
1196.9617383480072 0.9294642806053162
1201.3129634857178 0.9314236044883728
1205.6957631111145 0.9332770109176636
1210.0774493217468 0.9342105388641357
1214.4460172653198 0.9350961446762085
1218.810686826706 0.934374988079071
1251.7672936916351 0.96875
1257.8427901268005 0.96875
1262.3408019542694 0.96875
1266.8751146793365 0.9375
1271.3792753219604 0.9437500238418579
1275.889277458191 0.9427083134651184
1280.3530180454254 0.9375
1284.8104238510132 0.94140625
1289.2346477508545 0.9444444179534912
1293.7204740047455 0.9468749761581421
1298.1413638591766 0.9346590638160706
1302.580325126648 0.9322916865348816
1307.0125980377197 0.932692289352417
1311.467006444931 0.9352678656578064
1315.908107995987 0.9375
1320.3693583011627 0.9375
1324.8012614250183 0.9375
1329.2059276103973 0.9357638955116272
1333.5734202861786 0.9375
1337.9282534122467 0.9375
1342.314858675003 0.9375
1346.750473499298 0.9403409361839294
1351.1038663387299 0.9429348111152649
1355.4794855117798 0.94140625
1359.8816566467285 0.9412500262260437
1364.2717552185059 0.9399038553237915
1368.637748003006 0.9421296119689941
1373.0595939159393 0.9419642686843872
1377.4064626693726 0.9418103694915771
1381.720878124237 0.940625011920929
1386.097677230835 0.9425403475761414
1390.4098513126373 0.9443359375
1394.7659962177277 0.9441288113594055
1399.1062433719635 0.9448529481887817
1403.4578592777252 0.9455357193946838
1407.760835647583 0.9453125
1412.11416721344 0.9451013803482056
1416.430111169815 0.9449012875556946
1420.790298461914 0.9447115659713745
1425.0991792678833 0.944531261920929
1458.0862538814545 0.96875
1464.215264081955 0.96875
1468.6903178691864 0.9583333134651184
1473.1754500865936 0.9296875
1477.665943145752 0.9375
1482.1654987335205 0.9375
1486.6298971176147 0.9330357313156128
1491.1202070713043 0.9296875
1495.5565032958984 0.9375
1499.9649031162262 0.940625011920929
1504.4329833984375 0.9375
1508.8478157520294 0.9322916865348816
1513.2449271678925 0.932692289352417
1517.619621038437 0.9330357313156128
1521.9972667694092 0.9354166388511658
1526.363484621048 0.935546875
1530.7879173755646 0.939338207244873
1535.1971113681793 0.9409722089767456
1539.574177980423 0.9407894611358643
1544.0025317668915 0.9437500238418579
1548.4072189331055 0.9464285969734192
1552.7903006076813 0.9488636255264282
1557.1711184978485 0.9510869383811951
1561.567997455597 0.9518229365348816
1565.8990368843079 0.9524999856948853
1570.3133404254913 0.9519230723381042
1574.683573961258 0.9502314925193787
1579.065209388733 0.9508928656578064
1583.3895835876465 0.951508641242981
1587.7137734889984 0.9520833492279053
1592.0657958984375 0.9526209831237793
1596.3872265815735 0.9541015625
1600.7218172550201 0.9535984992980957
1605.0519695281982 0.954963207244873
1609.414021730423 0.9553571343421936
1613.7479364871979 0.9565972089767456
1618.059050321579 0.9577702879905701
1622.390635728836 0.9580591917037964
1626.6864428520203 0.9583333134651184
1631.0743100643158 0.956250011920929
1663.5819175243378 1.0
1669.6256988048553 1.0
1674.1024949550629 0.9791666865348816
1678.5459327697754 0.984375
1683.0126194953918 0.96875
1687.443552494049 0.96875
1691.9039857387543 0.9553571343421936
1696.410544872284 0.9609375
1700.8309972286224 0.9618055820465088
1705.3590760231018 0.9593750238418579
1709.775154352188 0.9573863744735718
1714.2021746635437 0.9583333134651184
1718.6830232143402 0.9519230723381042
1723.1676187515259 0.953125
1727.6050503253937 0.9520833492279053
1732.0347528457642 0.951171875
1736.4918720722198 0.9522058963775635
1740.902444601059 0.9513888955116272
1745.322650194168 0.9523026347160339
1749.7368655204773 0.953125
1754.1934177875519 0.9523809552192688
1758.5989923477173 0.9545454382896423
1762.997347831726 0.95652174949646
1767.4041397571564 0.953125
1771.7755570411682 0.9524999856948853
1776.1824805736542 0.953125
1780.5769855976105 0.9525462985038757
1784.9838678836823 0.953125
1789.3324925899506 0.9525862336158752
1793.725548028946 0.9520833492279053
1798.140418767929 0.9526209831237793
1802.5254335403442 0.953125
1806.868445634842 0.9535984992980957
1811.23410654068 0.953125
1815.6187698841095 0.9517857432365417
1819.9531290531158 0.953125
1824.3222291469574 0.9527027010917664
1828.693832874298 0.953125
1833.038069486618 0.9519230723381042
1837.4368126392365 0.952343761920929
1870.1992585659027 0.96875
1876.2820315361023 0.984375
1880.7377395629883 0.96875
1885.194049358368 0.9609375
1889.6872742176056 0.9624999761581421
1894.157734632492 0.9635416865348816
1898.5390470027924 0.9464285969734192
1902.9976253509521 0.9453125
1907.4211428165436 0.9444444179534912
1911.8053562641144 0.9468749761581421
1916.225584745407 0.9460227489471436
1920.654884815216 0.9427083134651184
1925.073634147644 0.9471153616905212
1929.4945893287659 0.9508928656578064
1933.8890013694763 0.9520833492279053
1938.2658162117004 0.955078125
1942.7014863491058 0.9577205777168274
1947.112915277481 0.9583333134651184
1951.4801259040833 0.9588815569877625
1955.843998670578 0.9593750238418579
1960.2430756092072 0.956845223903656
1964.6359181404114 0.9573863744735718
1969.1295244693756 0.957880437374115
1973.5448229312897 0.9583333134651184
1977.9439940452576 0.9587500095367432
1982.3445749282837 0.9603365659713745
1986.7711718082428 0.9594907164573669
1991.1544556617737 0.9598214030265808
1995.54359292984 0.9612069129943848
1999.939650774002 0.9604166746139526
2004.2695701122284 0.961693525314331
2008.5514471530914 0.9619140625
2012.908977508545 0.9611742496490479
2017.2517094612122 0.9613970518112183
2021.5753910541534 0.9616071581840515
2025.9466607570648 0.9618055820465088
2030.3322896957397 0.9603040814399719
2034.6548807621002 0.9613487124443054
2039.0157361030579 0.9623397588729858
2043.3146803379059 0.9624999761581421
2076.8919048309326 1.0
2082.9888939857483 1.0
2087.4891176223755 0.9895833134651184
2092.012101650238 0.9921875
2096.4714345932007 0.981249988079071
2100.8987209796906 0.9739583134651184
2105.3466205596924 0.96875
2109.771207332611 0.9609375
2114.179624557495 0.9618055820465088
2118.663733482361 0.965624988079071
2123.122469186783 0.9602272510528564
2127.564168214798 0.9557291865348816
2131.9888553619385 0.9591346383094788
2136.4567267894745 0.9575892686843872
2140.8668711185455 0.9583333134651184
2145.359590768814 0.953125
2149.800684452057 0.9522058963775635
2154.255090236664 0.9513888955116272
2158.6843922138214 0.9523026347160339
2163.2122225761414 0.9546874761581421
2167.6348161697388 0.956845223903656
2172.025387763977 0.9588068127632141
2176.4378304481506 0.95923912525177
2180.8229558467865 0.9596354365348816
2185.2342171669006 0.9599999785423279
2189.610354423523 0.9603365659713745
2193.9827115535736 0.9606481194496155
2198.356096506119 0.9609375
2202.7477288246155 0.962284505367279
2207.107774734497 0.9635416865348816
2211.4735515117645 0.9637096524238586
2215.8974182605743 0.9638671875
2220.3154299259186 0.9630681872367859
2224.72119140625 0.9632353186607361
2229.0888822078705 0.9633928537368774
2233.4414343833923 0.9644097089767456
2237.8055777549744 0.9636824131011963
2242.1994438171387 0.9621710777282715
2246.5913298130035 0.9631410241127014
2250.890634536743 0.9624999761581421
2283.0032200813293 1.0
2289.0664434432983 0.984375
2293.6104300022125 0.96875
2298.122733592987 0.96875
2302.6011712551117 0.9624999761581421
2307.0995337963104 0.96875
2311.629992723465 0.9642857313156128
2316.0792198181152 0.96484375
2320.5399401187897 0.9652777910232544
2325.017203092575 0.96875
2329.4667818546295 0.96875
2333.8959262371063 0.9661458134651184
2338.3632724285126 0.963942289352417
2342.8142895698547 0.9665178656578064
2347.2813713550568 0.9666666388511658
2351.732675075531 0.96875
2356.184537410736 0.966911792755127
2360.6475076675415 0.9652777910232544
2365.118065595627 0.9638158082962036
2369.5505244731903 0.965624988079071
2373.979567527771 0.9672619104385376
2378.452545642853 0.9673295617103577
2382.9393751621246 0.967391312122345
2387.406933069229 0.9674479365348816
2391.8380641937256 0.9674999713897705
2396.2401089668274 0.9675480723381042
2400.6955943107605 0.96875
2405.135303258896 0.9698660969734192
2409.59853720665 0.9709051847457886
2414.0146594047546 0.9697916507720947
2418.4230391979218 0.96875
2422.9242866039276 0.9697265625
2427.388035297394 0.9696969985961914
2431.8514351844788 0.9696691036224365
2436.265310525894 0.9705356955528259
2440.6887142658234 0.9713541865348816
2445.1056756973267 0.9712837934494019
2449.5197806358337 0.9695723652839661
2453.941306114197 0.9703525900840759
2458.40256690979 0.969531238079071
2491.588218688965 1.0
2497.6311321258545 0.984375
2502.0384826660156 0.96875
2506.553661584854 0.9609375
2511.002196073532 0.949999988079071
2515.445615053177 0.9583333134651184
2520.0073981285095 0.9508928656578064
2524.4138038158417 0.94921875
2528.877581834793 0.9479166865348816
2533.3218264579773 0.953125
2537.772619485855 0.9573863744735718
2542.197826862335 0.9557291865348816
2546.638390302658 0.9567307829856873
2551.078378200531 0.9598214030265808
2555.516058921814 0.9624999761581421
2559.9267797470093 0.9609375
2564.346722841263 0.9595588445663452
2568.788427591324 0.9618055820465088
2573.2542157173157 0.9621710777282715
2577.7134506702423 0.9624999761581421
2582.164146900177 0.9627976417541504
2586.609602212906 0.9644886255264282
2591.0312366485596 0.9660326242446899
2595.4424595832825 0.9661458134651184
2599.8806426525116 0.9662500023841858
2604.2767419815063 0.9651442170143127
2608.686464071274 0.9664351940155029
2613.128278493881 0.9665178656578064
2617.5239205360413 0.9665948152542114
2621.9465944767 0.9635416865348816
2626.3341505527496 0.9647177457809448
2630.7042791843414 0.9658203125
2635.079879760742 0.9659090638160706
2639.472957611084 0.9650735259056091
2643.8929274082184 0.9651785492897034
2648.3391189575195 0.9661458134651184
2652.7816252708435 0.9653716087341309
2657.161278486252 0.9654605388641357
2661.586149454117 0.9663461446762085
2665.9530186653137 0.9664062261581421
2698.7734389305115 1.0
2704.9297528266907 0.984375
2709.378000974655 0.96875
2713.86603808403 0.953125
2718.3689420223236 0.956250011920929
2722.8139917850494 0.9635416865348816
2727.264030456543 0.96875
2731.7065410614014 0.97265625
2736.1380162239075 0.9756944179534912
2740.560170173645 0.9750000238418579
2744.993520975113 0.9715909361839294
2749.4112281799316 0.9609375
2753.811191558838 0.9615384340286255
2758.200039625168 0.9620535969734192
2762.6377835273743 0.9645833373069763
2767.065831899643 0.966796875
2771.5078456401825 0.9650735259056091
2775.883207321167 0.9652777910232544
2780.2837657928467 0.9605262875556946
2784.651843070984 0.9624999761581421
2789.0319197177887 0.9627976417541504
2793.441614151001 0.9644886255264282
2797.818211555481 0.9646739363670349
2802.2142086029053 0.9661458134651184
2806.611410856247 0.9674999713897705
2811.021721839905 0.9675480723381042
2815.4366858005524 0.9664351940155029
2819.8512301445007 0.9665178656578064
2824.205155849457 0.9676724076271057
2828.559829235077 0.965624988079071
2832.9573035240173 0.9657257795333862
2837.2858531475067 0.966796875
2841.6688327789307 0.966856062412262
2846.010683298111 0.9650735259056091
2850.3418526649475 0.9642857313156128
2854.744200706482 0.9626736044883728
2859.100904941559 0.9636824131011963
2863.4623572826385 0.9638158082962036
2867.846980571747 0.9647436141967773
2872.2049865722656 0.9624999761581421
2905.252281665802 1.0
2911.29962682724 1.0
2915.6876101493835 0.9583333134651184
2920.1217715740204 0.9453125
2924.548364639282 0.949999988079071
2928.994863510132 0.9583333134651184
2933.4696600437164 0.9553571343421936
2937.883510828018 0.9609375
2942.32533454895 0.9618055820465088
2946.7553853988647 0.9624999761581421
2951.1384184360504 0.9659090638160706
2955.5249869823456 0.9609375
2959.921476125717 0.9543269276618958
2964.3165559768677 0.9553571343421936
2968.7298221588135 0.9583333134651184
2973.118565797806 0.95703125
2977.474238395691 0.9595588445663452
2981.8437852859497 0.9618055820465088
2986.215258359909 0.9605262875556946
2990.5818564891815 0.9624999761581421
2994.915257692337 0.9642857313156128
2999.2516870498657 0.9659090638160706
3003.605384349823 0.9660326242446899
3007.9474029541016 0.9661458134651184
3012.2735846042633 0.9662500023841858
3016.589516878128 0.9651442170143127
3020.8683109283447 0.9664351940155029
3025.205988883972 0.9665178656578064
3029.558944940567 0.9676724076271057
3033.8801193237305 0.9677083492279053
3038.2250878810883 0.9677419066429138
3042.519579410553 0.96875
3046.8484020233154 0.9696969985961914
3051.145091533661 0.96875
3055.4561944007874 0.96875
3059.776535511017 0.96875
3064.0883417129517 0.9679054021835327
3068.4076216220856 0.9679276347160339
3072.734316110611 0.96875
3077.0816893577576 0.967968761920929
3109.7832934856415 1.0
3115.8506202697754 1.0
3120.2583949565887 0.96875
3124.6830337047577 0.96875
3129.1804463863373 0.96875
3133.634717464447 0.9739583134651184
3138.049911260605 0.9642857313156128
3142.49795794487 0.96484375
3146.9284393787384 0.96875
3151.3761456012726 0.96875
3155.790704011917 0.9659090638160706
3160.217728614807 0.9609375
3164.6516246795654 0.9615384340286255
3169.0551192760468 0.9620535969734192
3173.4165074825287 0.9645833373069763
3177.807582139969 0.966796875
3182.2159519195557 0.9650735259056091
3186.6425507068634 0.9670138955116272
3191.0445215702057 0.9654605388641357
3195.456410884857 0.9671875238418579
3199.8944551944733 0.9672619104385376
3204.295022249222 0.9659090638160706
3208.6754760742188 0.9660326242446899
3213.0490026474 0.9622395634651184
3217.454439640045 0.9624999761581421
3221.843735218048 0.9615384340286255
3226.219290971756 0.9594907164573669
3230.6051976680756 0.9598214030265808
3234.97553730011 0.9612069129943848
3239.324961423874 0.9583333134651184
3243.691284418106 0.9586693644523621
3248.053881883621 0.9599609375
3252.3831675052643 0.9602272510528564
3256.7170515060425 0.9613970518112183
3261.023128271103 0.9616071581840515
3265.3731553554535 0.9618055820465088
3269.7053513526917 0.9603040814399719
3274.0486645698547 0.9605262875556946
3278.3713991642 0.9615384340286255
3282.751207113266 0.960156261920929
3314.9557604789734 1.0
3321.020676136017 0.984375
3325.478196620941 0.9895833134651184
3329.88822889328 0.984375
3334.361211538315 0.96875
3338.786404132843 0.9739583134651184
3343.231457233429 0.9642857313156128
3347.714779615402 0.9609375
3352.104330062866 0.9652777910232544
3356.5756199359894 0.96875
3361.0659894943237 0.96875
3365.5753166675568 0.9661458134651184
3369.986444234848 0.963942289352417
3374.458908557892 0.9642857313156128
3379.0196273326874 0.9666666388511658
3383.524710893631 0.96875
3388.0061864852905 0.96875
3392.437302350998 0.96875
3396.934674978256 0.96875
3401.359636068344 0.9671875238418579
3405.797763824463 0.9642857313156128
3410.2260143756866 0.9659090638160706
3414.620641708374 0.9660326242446899
3419.082553625107 0.96484375
3423.5158154964447 0.9662500023841858
3427.916940689087 0.9663461446762085
3432.3484766483307 0.9652777910232544
3436.791750907898 0.9654017686843872
3441.2909047603607 0.9665948152542114
3445.6725594997406 0.9677083492279053
3450.0781750679016 0.96875
3454.441817522049 0.9697265625
3458.807911634445 0.970643937587738
3463.1659829616547 0.9715073704719543
3467.5480988025665 0.9723214507102966
3471.9494338035583 0.9722222089767456
3476.3126554489136 0.9721283912658691
3480.665104150772 0.9728618264198303
3485.0456125736237 0.9727563858032227
3489.4451234340668 0.97265625
3522.7679250240326 1.0
3528.9833076000214 1.0
3533.465943336487 0.9791666865348816
3538.0089209079742 0.96875
3542.517649412155 0.96875
3547.030251979828 0.9739583134651184
3551.522561073303 0.96875
3555.9939997196198 0.97265625
3560.453835248947 0.9756944179534912
3564.9636244773865 0.9750000238418579
3569.4492831230164 0.9772727489471436
3573.904251098633 0.9765625
3578.3731870651245 0.9783653616905212
3582.817659854889 0.9776785969734192
3587.30171084404 0.9791666865348816
3591.7463698387146 0.98046875
3596.1602227687836 0.9816176295280457
3600.617604494095 0.9826388955116272
3605.061158180237 0.9835526347160339
3609.5961620807648 0.984375
3614.0411291122437 0.9851190447807312
3618.462401866913 0.9857954382896423
3622.948312520981 0.9850543737411499
3627.392597913742 0.98046875
3631.845622062683 0.981249988079071
3636.2739129066467 0.9783653616905212
3640.7254025936127 0.9780092835426331
3645.184796333313 0.9776785969734192
3649.6437227725983 0.9784482717514038
3654.0857968330383 0.9760416746139526
3658.5248703956604 0.9768145084381104
3663.000812768936 0.9775390625
3667.45108628273 0.9772727489471436
3671.8624143600464 0.9770220518112183
3676.322158098221 0.9776785969734192
3680.741410255432 0.9774305820465088
3685.1660356521606 0.9755067825317383
3689.5831277370453 0.9753289222717285
3694.001289129257 0.9759615659713745
3698.4152929782867 0.9750000238418579
3730.815278530121 0.9375
3736.9081513881683 0.953125
3741.3587379455566 0.96875
3745.829744577408 0.9765625
3750.3159930706024 0.96875
3754.82075214386 0.9635416865348816
3759.287551164627 0.9598214030265808
3763.785983324051 0.95703125
3768.233000278473 0.9618055820465088
3772.757670879364 0.965624988079071
3777.213136434555 0.9630681872367859
3781.6729164123535 0.9635416865348816
3786.173537015915 0.9615384340286255
3790.6290016174316 0.9598214030265808
3795.1474368572235 0.9604166746139526
3799.6028423309326 0.9609375
3804.0586426258087 0.9632353186607361
3808.5445895195007 0.9635416865348816
3813.025227546692 0.9621710777282715
3817.461808204651 0.964062511920929
3821.9194247722626 0.961309552192688
3826.3754308223724 0.9616477489471436
3830.8388056755066 0.9619565010070801
3835.283929347992 0.9635416865348816
3839.7164623737335 0.9637500047683716
3844.111239671707 0.963942289352417
3848.567650079727 0.9652777910232544
3853.010660171509 0.9654017686843872
3857.455978870392 0.9655172228813171
3861.861443042755 0.9635416865348816
3866.294861793518 0.9627016186714172
3870.7725772857666 0.962890625
3875.1727011203766 0.9621211886405945
3879.572912454605 0.9613970518112183
3883.9278542995453 0.9616071581840515
3888.306181907654 0.9618055820465088
3892.7071640491486 0.9619932174682617
3897.0985136032104 0.9629934430122375
3901.4585309028625 0.9631410241127014
3905.8337740898132 0.961718738079071
3938.2139415740967 1.0
3944.2995223999023 1.0
3948.7493913173676 0.96875
3953.1786856651306 0.953125
3957.617050409317 0.9437500238418579
3962.0632586479187 0.9479166865348816
3966.4514582157135 0.9464285969734192
3970.858117580414 0.94140625
3975.2856497764587 0.9444444179534912
3979.6884264945984 0.9468749761581421
3984.0287890434265 0.9488636255264282
3988.4182980060577 0.9505208134651184
3992.7921798229218 0.9519230723381042
3997.1931171417236 0.9553571343421936
4001.5671615600586 0.956250011920929
4005.9701738357544 0.95703125
4010.3606650829315 0.9595588445663452
4014.7501323223114 0.9600694179534912
4019.1001448631287 0.9621710777282715
4023.4858787059784 0.9624999761581421
4027.8127160072327 0.9627976417541504
4032.16082906723 0.9602272510528564
4036.4919168949127 0.960597813129425
4040.8521184921265 0.9609375
4045.2373826503754 0.9624999761581421
4049.5785160064697 0.963942289352417
4053.9243919849396 0.9629629850387573
4058.340927839279 0.9631696343421936
4062.6354434490204 0.962284505367279
4067.036955833435 0.9624999761581421
4071.4294328689575 0.9637096524238586
4075.7965297698975 0.96484375
4080.120318889618 0.9649621248245239
4084.4748821258545 0.9632353186607361
4088.792977333069 0.9642857313156128
4093.1524057388306 0.9635416865348816
4097.463429927826 0.9636824131011963
4101.817081451416 0.9646381735801697
4106.1403613090515 0.9647436141967773
4110.455504894257 0.964062511920929
4144.013622999191 1.0
4150.135212659836 1.0
4154.556736946106 0.9791666865348816
4159.014359712601 0.9765625
4163.463905334473 0.9750000238418579
4167.913672447205 0.9739583134651184
4172.337099790573 0.9642857313156128
4176.824792385101 0.96875
4181.258348941803 0.9652777910232544
4185.650398731232 0.96875
4190.093546152115 0.9659090638160706
4194.5287454128265 0.9635416865348816
4198.937566280365 0.9615384340286255
4203.391630649567 0.9642857313156128
4207.83699297905 0.9645833373069763
4212.185547590256 0.958984375
4216.5716915130615 0.9613970518112183
4220.955490350723 0.9618055820465088
4225.3369140625 0.9621710777282715
4229.704985618591 0.964062511920929
4234.082479953766 0.9627976417541504
4238.445405721664 0.9630681872367859
4242.790784358978 0.9646739363670349
4247.156477928162 0.9635416865348816
4251.542683839798 0.9637500047683716
4255.903374195099 0.963942289352417
4260.322213888168 0.9641203880310059
4264.661069154739 0.9654017686843872
4269.008367776871 0.9665948152542114
4273.420194149017 0.9645833373069763
4277.757151603699 0.9647177457809448
4282.080328941345 0.9658203125
4286.426361083984 0.9659090638160706
4290.829743862152 0.9659926295280457
4295.167866230011 0.9651785492897034
4299.5841636657715 0.9661458134651184
4303.9913737773895 0.9662162065505981
4308.358059167862 0.9671052694320679
4312.727700471878 0.9679487347602844
4317.103943824768 0.96875
4350.016047716141 0.96875
4356.117637634277 0.984375
4360.5945563316345 0.96875
4365.0596561431885 0.953125
4369.578958034515 0.9624999761581421
4374.061318397522 0.9635416865348816
4378.5508279800415 0.96875
4382.989012002945 0.9609375
4387.450065851212 0.9618055820465088
4391.953433036804 0.965624988079071
4396.370520114899 0.9659090638160706
4400.835031270981 0.9661458134651184
4405.289035081863 0.9663461446762085
4409.727541208267 0.9665178656578064
4414.1232051849365 0.96875
4418.557461261749 0.96875
4422.940111875534 0.96875
4427.335026502609 0.96875
4431.756308794022 0.9703947305679321
4436.201845169067 0.971875011920929
4440.570477247238 0.9732142686843872
4444.932132959366 0.9730113744735718
4449.326824188232 0.9741848111152649
4453.692018508911 0.97265625
4458.019079685211 0.9712499976158142
4462.365841627121 0.9711538553237915
4466.783143997192 0.9699074029922485
4471.140327692032 0.9709821343421936
4475.5225481987 0.9709051847457886
4479.847327709198 0.971875011920929
4484.21875834465 0.9727822542190552
4488.560325145721 0.9736328125
4492.91356921196 0.9744318127632141
4497.2949368953705 0.9751838445663452
4501.626970052719 0.9758928418159485
4505.932334423065 0.9756944179534912
4510.312399148941 0.974662184715271
4514.625400543213 0.9736841917037964
4518.9995148181915 0.9743589758872986
4523.327674150467 0.97265625
4555.420171260834 0.96875
4561.499837875366 0.984375
4565.980502128601 0.9791666865348816
4570.478586435318 0.984375
4575.008613109589 0.9750000238418579
4579.471437215805 0.96875
4583.895968198776 0.9642857313156128
4588.379315853119 0.96484375
4592.818059206009 0.9652777910232544
4597.191881656647 0.965624988079071
4601.604716062546 0.9659090638160706
4606.040176391602 0.9609375
4610.431833267212 0.9567307829856873
4614.796999454498 0.9598214030265808
4619.158860445023 0.9604166746139526
4623.550984382629 0.955078125
4627.894545078278 0.9558823704719543
4632.297281265259 0.9583333134651184
4636.659802675247 0.9605262875556946
4641.042942523956 0.9624999761581421
4645.453389406204 0.9627976417541504
4649.863898992538 0.9630681872367859
4654.308164358139 0.9646739363670349
4658.7455513477325 0.96484375
4663.14937543869 0.9662500023841858
4667.600925207138 0.9651442170143127
4671.997098445892 0.9664351940155029
4676.360322713852 0.9654017686843872
4680.721809148788 0.9665948152542114
4685.110724210739 0.9666666388511658
4689.473196744919 0.9667338728904724
4693.8353090286255 0.9677734375
4698.215973377228 0.9678030014038086
4702.617412567139 0.9678308963775635
4707.000090122223 0.9660714268684387
4711.389024019241 0.9644097089767456
4715.75764298439 0.9636824131011963
4720.115779399872 0.9638158082962036
4724.4938271045685 0.9647436141967773
4728.86971449852 0.965624988079071
4761.945985555649 0.96875
4768.072735548019 0.96875
4772.5664875507355 0.96875
4777.059064388275 0.9609375
4781.610124349594 0.96875
4786.085228681564 0.9739583134651184
4790.510449171066 0.9732142686843872
4794.994311094284 0.96875
4799.514233350754 0.9652777910232544
4804.003129959106 0.965624988079071
4808.440932750702 0.9659090638160706
4812.871501922607 0.96875
4817.290901660919 0.96875
4821.736383676529 0.9709821343421936
4826.115605831146 0.9729166626930237
4830.523022651672 0.970703125
4834.944843292236 0.9724264740943909
4839.384784698486 0.9739583134651184
4843.745697021484 0.9753289222717285
4848.135587215424 0.9765625
4852.536906957626 0.9776785969734192
4856.943145990372 0.9772727489471436
4861.353768110275 0.976902186870575
4865.743077278137 0.9778645634651184
4870.118772506714 0.9787499904632568
4874.508541345596 0.979567289352417
4878.9242289066315 0.9803240895271301
4883.337184429169 0.9799107313156128
4887.741373538971 0.9784482717514038
4892.094987869263 0.9791666865348816
4896.43400645256 0.9798387289047241
4900.810057878494 0.98046875
4905.121834754944 0.9801136255264282
4909.480952978134 0.9806985259056091
4913.860502481461 0.981249988079071
4918.225942850113 0.9791666865348816
4922.603539943695 0.9797297120094299
4926.990395069122 0.9794408082962036
4931.382855415344 0.9791666865348816
4935.747298240662 0.9789062738418579
4969.036441087723 1.0
4975.134671211243 0.984375
4979.630581855774 0.9791666865348816
4984.034762382507 0.9609375
4988.529095888138 0.9624999761581421
4992.972903251648 0.96875
4997.4266703128815 0.9732142686843872
5001.804719686508 0.97265625
5006.217698097229 0.9756944179534912
5010.648714065552 0.9750000238418579
5015.060356616974 0.9772727489471436
5019.438091754913 0.9739583134651184
5023.767368078232 0.9759615659713745
5028.165960788727 0.9754464030265808
5032.4843990802765 0.9708333611488342
5036.834180593491 0.97265625
5041.209552526474 0.970588207244873
5045.61021900177 0.96875
5050.049432039261 0.9703947305679321
5054.388770341873 0.971875011920929
5058.730899810791 0.9717261791229248
5063.115008592606 0.9715909361839294
5067.561357975006 0.9728260636329651
5071.912050485611 0.9713541865348816
5076.2630915641785 0.9725000262260437
5080.603844165802 0.973557710647583
5085.007359981537 0.9745370149612427
5089.338831186295 0.9754464030265808
5093.691145181656 0.975215494632721
5098.029225826263 0.9739583134651184
5102.326880455017 0.9747983813285828
5106.69659113884 0.974609375
5111.0139446258545 0.9753788113594055
5115.389453172684 0.9761029481887817
5119.748548746109 0.9767857193946838
5124.108287811279 0.9774305820465088
5128.458994626999 0.9780405163764954
5132.801154136658 0.9769737124443054
5137.1729481220245 0.9775640964508057
5141.493585824966 0.9765625
5173.849387168884 0.96875
5180.002729415894 0.96875
5184.487616062164 0.96875
5188.993243694305 0.953125
5193.510824203491 0.956250011920929
5198.0507752895355 0.9635416865348816
5202.526817321777 0.96875
5206.988827705383 0.97265625
5211.450540781021 0.9756944179534912
5215.921416521072 0.9750000238418579
5220.363051891327 0.9715909361839294
5224.76646399498 0.9635416865348816
5229.231858730316 0.9663461446762085
5233.661417245865 0.9665178656578064
5238.0713613033295 0.96875
5242.497202157974 0.962890625
5246.892020702362 0.9650735259056091
5251.262857675552 0.9652777910232544
5255.631710290909 0.9638158082962036
5260.014910697937 0.965624988079071
5264.41116309166 0.9657738208770752
5268.775528669357 0.9659090638160706
5273.132994651794 0.9646739363670349
5277.469397783279 0.9635416865348816
5281.851957798004 0.9649999737739563
5286.224137306213 0.9663461446762085
5290.580187797546 0.9664351940155029
5295.013440847397 0.9654017686843872
5299.37236905098 0.9665948152542114
5303.724108695984 0.9635416865348816
5308.112580060959 0.9637096524238586
5312.506600856781 0.96484375
5316.862141132355 0.9649621248245239
5321.185953617096 0.9641544222831726
5325.53201174736 0.9651785492897034
5329.910906076431 0.9644097089767456
5334.290004730225 0.962837815284729
5338.653690576553 0.9629934430122375
5343.031563997269 0.963942289352417
5347.41965174675 0.9632812738418579
5379.955575466156 0.96875
5386.262373447418 0.984375
5390.720562696457 0.9791666865348816
5395.255799770355 0.9609375
5399.755729436874 0.956250011920929
5404.240661144257 0.9583333134651184
5408.73050069809 0.9508928656578064
5413.292792081833 0.94921875
5417.810662746429 0.9548611044883728
5422.325739622116 0.956250011920929
5426.827260971069 0.9573863744735718
5431.307193279266 0.9583333134651184
5435.8499891757965 0.9567307829856873
5440.377047777176 0.9598214030265808
5444.8776314258575 0.9624999761581421
5449.339553833008 0.962890625
5453.831543445587 0.9577205777168274
5458.323014497757 0.9600694179534912
5462.832457304001 0.9605262875556946
5467.354994535446 0.9624999761581421
5471.871742248535 0.9598214030265808
5476.340516805649 0.9616477489471436
5480.814985513687 0.9633151888847351
5485.276674985886 0.9609375
5489.778202533722 0.9612500071525574
5494.243486881256 0.9615384340286255
5498.735884189606 0.9629629850387573
5503.21130657196 0.9642857313156128
5507.666658639908 0.9655172228813171
5512.137064218521 0.9666666388511658
5516.530070066452 0.9667338728904724
5521.0149974823 0.9677734375
5525.480907917023 0.96875
5529.934213638306 0.9696691036224365
5534.403955221176 0.9705356955528259
5538.898771047592 0.9696180820465088
5543.366040945053 0.96875
5547.797278404236 0.96875
5552.185824394226 0.9695512652397156
5556.644781589508 0.969531238079071
5589.878862380981 0.96875
5596.0213322639465 0.984375
5600.509468078613 0.9791666865348816
5605.027053117752 0.96875
5609.512573957443 0.956250011920929
5613.927366495132 0.9635416865348816
5618.396018743515 0.9642857313156128
5622.912992238998 0.96484375
5627.3765070438385 0.9652777910232544
5631.8623785972595 0.9624999761581421
5636.303310632706 0.9659090638160706
5640.761970996857 0.9609375
5645.209843635559 0.9615384340286255
5649.616725206375 0.9642857313156128
5654.043006658554 0.9666666388511658
5658.516326665878 0.96875
5662.941660404205 0.96875
5667.38641667366 0.96875
5671.817014455795 0.9703947305679321
5676.298137187958 0.971875011920929
5680.730146884918 0.9732142686843872
5685.1568775177 0.9715909361839294
5689.5826671123505 0.970108687877655
5694.02414894104 0.96875
5698.465787887573 0.9674999713897705
5702.881365537643 0.9675480723381042
5707.315314531326 0.96875
5711.801253795624 0.96875
5716.182721614838 0.96875
5720.565629482269 0.965624988079071
5725.017198801041 0.9657257795333862
5729.449860334396 0.966796875
5733.84837770462 0.9678030014038086
5738.216778039932 0.9659926295280457
5742.610588788986 0.9651785492897034
5746.962436199188 0.9644097089767456
5751.383181095123 0.9653716087341309
5755.757819890976 0.9646381735801697
5760.18165397644 0.9655448794364929
5764.570027828217 0.965624988079071
5796.658495426178 1.0
5802.729904651642 0.984375
5807.186187744141 0.9791666865348816
5811.6725516319275 0.96875
5816.144994258881 0.9750000238418579
5820.613453388214 0.9739583134651184
5825.099183320999 0.9732142686843872
5829.483901262283 0.97265625
5833.936325788498 0.9756944179534912
5838.377463340759 0.9781249761581421
5842.803063392639 0.9801136255264282
5847.253440141678 0.9765625
5851.674040794373 0.9759615659713745
5856.01971411705 0.9776785969734192
5860.412732362747 0.9750000238418579
5864.841436624527 0.97265625
5869.23036646843 0.9742646813392639
5873.655262470245 0.9739583134651184
5878.002370595932 0.9753289222717285
5882.394915103912 0.9750000238418579
5886.725093603134 0.976190447807312
5891.100743770599 0.9772727489471436
5895.505905866623 0.97826087474823
5899.84120965004 0.9765625
5904.167120456696 0.9775000214576721
5908.508806943893 0.9771634340286255
5912.800218582153 0.9768518805503845
5917.183841228485 0.9765625
5921.573251485825 0.9773706793785095
5925.900887012482 0.9750000238418579
5930.228416919708 0.975806474685669
5934.577890634537 0.9755859375
5938.930292367935 0.9753788113594055
5943.302573919296 0.9742646813392639
5947.6363961696625 0.9741071462631226
5951.92688536644 0.9713541865348816
5956.259601593018 0.9721283912658691
5960.56432390213 0.9712170958518982
5964.895471334457 0.9719551205635071
5969.258104324341 0.9710937738418579
6002.612410068512 0.96875
6008.642942428589 0.96875
6013.029619216919 0.9583333134651184
6017.473394393921 0.96875
6021.920559883118 0.9750000238418579
6026.3646941185 0.9739583134651184
6030.799634933472 0.9642857313156128
6035.216970920563 0.96875
6039.625771522522 0.9722222089767456
6044.040633678436 0.9750000238418579
6048.443483114243 0.9772727489471436
6052.813656806946 0.9739583134651184
6057.252165794373 0.96875
6061.647240400314 0.9709821343421936
6066.02460360527 0.9729166626930237
6070.463871717453 0.970703125
6074.938125371933 0.96875
6079.307431221008 0.96875
6083.670086860657 0.9703947305679321
6088.079303741455 0.971875011920929
6092.445470094681 0.9732142686843872
6096.838096618652 0.9715909361839294
6101.183411359787 0.9714673757553101
6105.521378993988 0.9713541865348816
6110.002822875977 0.9725000262260437
6114.387887001038 0.9711538553237915
6118.712501049042 0.9710648059844971
6123.059677839279 0.9720982313156128
6127.4323925971985 0.9719827771186829
6131.774251461029 0.971875011920929
6136.151722669601 0.9717742204666138
6140.474567651749 0.97265625
6144.84049654007 0.9725378751754761
6149.154038190842 0.9733455777168274
6153.440127372742 0.9723214507102966
6157.740837812424 0.9713541865348816
6162.061813592911 0.96875
6166.329454660416 0.9695723652839661
6170.644456148148 0.9703525900840759
6174.97790312767 0.9703124761581421
