18.874040603637695 3.4984216690063477
37.472912549972534 96.15703582763672
54.77280402183533 50.74923324584961
88.82653856277466 38.23063278198242
107.21158504486084 20.58925437927246
124.75263023376465 11.40964412689209
158.40634036064148 8.953973770141602
177.37226104736328 5.201444625854492
194.44846749305725 3.2375521659851074
228.29466247558594 2.785759925842285
247.40310406684875 1.928920865058899
265.074022769928 1.4387969970703125
299.23499631881714 1.537266492843628
318.0599820613861 0.9904810190200806
335.61608481407166 0.8874014019966125
369.4577100276947 0.9425320029258728
388.68314957618713 0.732715904712677
406.99629044532776 0.7943068146705627
441.3213777542114 0.9042395949363708
460.306125164032 0.7560370564460754
478.36989569664 0.698181688785553
513.3341038227081 0.7355831861495972
532.1014068126678 0.6915268301963806
550.0454185009003 0.7179653644561768
583.8270175457001 0.8426921367645264
603.0788555145264 0.6609094142913818
621.0873024463654 0.6814867258071899
655.8564171791077 0.8092570304870605
674.7499980926514 0.4987236261367798
692.7896564006805 0.4501655697822571
727.4399788379669 0.4311252236366272
747.0172889232635 0.37005412578582764
765.1226148605347 0.31787845492362976
799.5625739097595 0.3725794553756714
818.8248302936554 0.3371084928512573
837.2023460865021 0.3107154965400696
872.2881519794464 0.2974458336830139
891.0436954498291 0.29769885540008545
909.484836101532 0.32072144746780396
943.1885488033295 0.26622289419174194
962.3287169933319 0.2594522535800934
980.6030013561249 0.21620133519172668
1015.0728528499603 0.23789596557617188
1034.307894229889 0.22540391981601715
1052.8887062072754 0.24378308653831482
1087.8706715106964 0.22239075601100922
1106.655134677887 0.2201835811138153
1124.6031398773193 0.19942785799503326
1158.63583278656 0.21472632884979248
1177.9894831180573 0.22654372453689575
1196.3588290214539 0.20642881095409393
1231.3058836460114 0.1880524456501007
1250.2205934524536 0.20201855897903442
1268.377044916153 0.19022443890571594
1300.1888222694397 0.2165069431066513
