18.874040603637695 0.109375
37.472912549972534 0.109375
54.77280402183533 0.1282552033662796
88.82653856277466 0.18359375
107.21158504486084 0.2041015625
124.75263023376465 0.2408854216337204
158.40634036064148 0.341796875
177.37226104736328 0.3974609375
194.44846749305725 0.455078125
228.29466247558594 0.560546875
247.40310406684875 0.5966796875
265.074022769928 0.6295573115348816
299.23499631881714 0.646484375
318.0599820613861 0.7021484375
335.61608481407166 0.7330729365348816
369.4577100276947 0.763671875
388.68314957618713 0.80078125
406.99629044532776 0.8092448115348816
441.3213777542114 0.765625
460.306125164032 0.7900390625
478.36989569664 0.802734375
513.3341038227081 0.8359375
532.1014068126678 0.8369140625
550.0454185009003 0.837890625
583.8270175457001 0.796875
603.0788555145264 0.82421875
621.0873024463654 0.8359375
655.8564171791077 0.806640625
674.7499980926514 0.8623046875
692.7896564006805 0.8841145634651184
727.4399788379669 0.94140625
747.0172889232635 0.9462890625
765.1226148605347 0.9537760615348816
799.5625739097595 0.939453125
818.8248302936554 0.951171875
837.2023460865021 0.9557291865348816
872.2881519794464 0.96484375
891.0436954498291 0.9638671875
909.484836101532 0.9583333134651184
943.1885488033295 0.96484375
962.3287169933319 0.9716796875
980.6030013561249 0.9765625
1015.0728528499603 0.9765625
1034.307894229889 0.9814453125
1052.8887062072754 0.9778645634651184
1087.8706715106964 0.982421875
1106.655134677887 0.9814453125
1124.6031398773193 0.9850260615348816
1158.63583278656 0.986328125
1177.9894831180573 0.9794921875
1196.3588290214539 0.982421875
1231.3058836460114 0.994140625
1250.2205934524536 0.990234375
1268.377044916153 0.9889323115348816
1300.1888222694397 0.9765625
