18.336864709854126 0.09375
24.479445219039917 0.109375
28.94791531562805 0.1666666716337204
33.39085102081299 0.1640625
37.80782651901245 0.17499999701976776
42.2134370803833 0.1927083283662796
46.576143980026245 0.1875
50.93509817123413 0.20703125
55.3086621761322 0.2256944477558136
59.655043601989746 0.24375000596046448
63.99291658401489 0.2556818127632141
68.28757810592651 0.2760416567325592
72.61683487892151 0.2836538553237915
76.9540205001831 0.296875
81.25695419311523 0.3166666626930237
85.55631136894226 0.330078125
89.87038207054138 0.34191176295280457
94.17756509780884 0.3645833432674408
98.50951290130615 0.37664473056793213
102.7773916721344 0.38749998807907104
107.06943249702454 0.3928571343421936
111.35676169395447 0.4076704680919647
115.58801436424255 0.4211956560611725
119.89105415344238 0.4322916567325592
124.16557574272156 0.44624999165534973
128.45129132270813 0.45673078298568726
132.76418089866638 0.4652777910232544
137.08031725883484 0.4720982015132904
141.44868564605713 0.4784482717514038
145.7923345565796 0.48750001192092896
150.16305589675903 0.49294355511665344
154.481586933136 0.498046875
158.824862241745 0.5056818127632141
163.12152481079102 0.5128676295280457
167.40908217430115 0.5205357074737549
171.69018530845642 0.5243055820465088
175.99856281280518 0.53125
180.28973388671875 0.5361841917037964
184.59925031661987 0.5432692170143127
188.89194750785828 0.55078125
217.50055527687073 0.78125
223.5476987361908 0.796875
227.92547225952148 0.78125
232.32672691345215 0.7734375
236.77347230911255 0.7875000238418579
241.23598980903625 0.7864583134651184
245.64322996139526 0.7767857313156128
249.99849724769592 0.7890625
254.37014746665955 0.7951388955116272
258.7113606929779 0.793749988079071
263.1891098022461 0.7897727489471436
267.5692467689514 0.8020833134651184
271.8896040916443 0.8028846383094788
276.2628059387207 0.8058035969734192
280.611704826355 0.8062499761581421
284.89683723449707 0.80859375
289.2260763645172 0.810661792755127
293.5217216014862 0.8072916865348816
297.830445766449 0.8108552694320679
302.0735025405884 0.8109375238418579
306.4143226146698 0.8139880895614624
310.71988344192505 0.8139204382896423
315.0714418888092 0.8165760636329651
319.34683895111084 0.8216145634651184
323.64427757263184 0.8262500166893005
328.0022177696228 0.8293269276618958
332.3214690685272 0.8298611044883728
336.6570391654968 0.8337053656578064
340.9911711215973 0.8340517282485962
345.29453349113464 0.8364583253860474
349.573495388031 0.8377016186714172
353.8759329319 0.837890625
358.2054350376129 0.8352272510528564
362.4919276237488 0.8363970518112183
366.8104090690613 0.8374999761581421
371.1197319030762 0.8359375
375.42042350769043 0.8353040814399719
379.7729580402374 0.8355262875556946
384.0916872024536 0.8365384340286255
388.3944969177246 0.8382812738418579
416.58463311195374 0.9375
422.5881633758545 0.921875
426.988694190979 0.8958333134651184
431.3960680961609 0.8984375
435.7910633087158 0.875
440.2038223743439 0.8541666865348816
444.64078736305237 0.8482142686843872
449.0444304943085 0.85546875
453.4286983013153 0.84375
457.80450463294983 0.846875011920929
462.2198929786682 0.8494318127632141
466.62136125564575 0.8489583134651184
471.00979828834534 0.8533653616905212
475.44485449790955 0.8571428656578064
479.8322334289551 0.8604166507720947
484.24081659317017 0.86328125
488.56487464904785 0.8602941036224365
492.9098036289215 0.8628472089767456
497.25045228004456 0.8634868264198303
501.5763442516327 0.8609374761581421
505.96144127845764 0.863095223903656
510.28443241119385 0.8565340638160706
514.5625600814819 0.8586956262588501
518.8967685699463 0.85546875
523.2010111808777 0.8550000190734863
527.5946972370148 0.8581730723381042
531.9347946643829 0.8564814925193787
536.2730994224548 0.859375
540.6220965385437 0.8599137663841248
544.9579288959503 0.859375
549.3316798210144 0.8598790168762207
553.7048115730286 0.8564453125
558.0891263484955 0.8570075631141663
562.4688251018524 0.8566176295280457
566.8313963413239 0.8589285612106323
571.1777956485748 0.8585069179534912
575.5193486213684 0.8530405163764954
579.8947734832764 0.8527960777282715
584.2152523994446 0.8517628312110901
588.5800259113312 0.850781261920929
616.4236199855804 0.90625
622.4041838645935 0.875
626.7427685260773 0.8645833134651184
631.1289978027344 0.8515625
635.4910151958466 0.856249988079071
639.8815748691559 0.8541666865348816
644.178745508194 0.8660714030265808
648.5338199138641 0.8671875
652.8442676067352 0.8715277910232544
657.1135323047638 0.8656250238418579
661.4027335643768 0.8664772510528564
665.6632623672485 0.875
669.9705710411072 0.879807710647583
674.2123656272888 0.8772321343421936
678.4752357006073 0.8729166388511658
682.7067391872406 0.875
687.0190343856812 0.875
691.2840247154236 0.8767361044883728
695.5620129108429 0.8782894611358643
699.7944686412811 0.8828125
704.0678043365479 0.882440447807312
708.3270008563995 0.8821022510528564
712.6116259098053 0.8817934989929199
716.8816938400269 0.8854166865348816
721.2353830337524 0.8824999928474426
725.5290100574493 0.8834134340286255
729.8037710189819 0.8819444179534912
734.1498870849609 0.8828125
738.4687118530273 0.8825430870056152
742.7788255214691 0.8833333253860474
747.0542211532593 0.8830645084381104
751.3299372196198 0.8857421875
755.6370358467102 0.8854166865348816
759.9347276687622 0.8851103186607361
764.2044672966003 0.8830357193946838
768.4856913089752 0.8836805820465088
772.785174369812 0.8842905163764954
777.0746705532074 0.8865131735801697
781.3772130012512 0.8854166865348816
785.6235699653625 0.885937511920929
813.440229177475 0.875
819.520503282547 0.9375
823.948991060257 0.9375
828.2661550045013 0.9296875
832.5933723449707 0.9312499761581421
836.9181244373322 0.9270833134651184
841.2180905342102 0.9241071343421936
845.5668108463287 0.91796875
849.9240167140961 0.9131944179534912
854.2951714992523 0.8999999761581421
858.5888042449951 0.8977272510528564
862.8997848033905 0.8932291865348816
867.2061760425568 0.8966346383094788
871.4923827648163 0.890625
875.7780125141144 0.8854166865348816
880.0253920555115 0.888671875
884.3214387893677 0.8915441036224365
888.6215014457703 0.8888888955116272
892.892294883728 0.8832237124443054
897.175142288208 0.885937511920929
901.4248015880585 0.8854166865348816
905.6940796375275 0.8863636255264282
909.9826219081879 0.8885869383811951
914.2953605651855 0.8880208134651184
918.5969936847687 0.887499988079071
922.905205488205 0.8870192170143127
927.2192389965057 0.8888888955116272
931.5853931903839 0.8917410969734192
935.9108595848083 0.8911637663841248
940.2125566005707 0.890625
944.5334939956665 0.8911290168762207
948.8063170909882 0.8935546875
953.0958507061005 0.8939393758773804
957.3948564529419 0.8933823704719543
961.6959276199341 0.8919642567634583
966.0072317123413 0.8923611044883728
970.3056547641754 0.8935810923576355
974.6239228248596 0.8930920958518982
978.9279191493988 0.8942307829856873
983.2510735988617 0.89453125
1010.7062683105469 0.9375
1016.6884031295776 0.90625
1021.0395233631134 0.8854166865348816
1025.4428207874298 0.8828125
1029.8406629562378 0.8812500238418579
1034.1823031902313 0.8802083134651184
1038.5033242702484 0.8794642686843872
1042.784431695938 0.8828125
1047.1385066509247 0.8888888955116272
1051.522250175476 0.890625
1055.8857901096344 0.8892045617103577
1060.2486598491669 0.8854166865348816
1064.5515522956848 0.8870192170143127
1068.8730521202087 0.8950892686843872
1073.196126461029 0.8958333134651184
1077.4989414215088 0.89453125
1081.8098995685577 0.8952205777168274
1086.1861972808838 0.8940972089767456
1090.503014087677 0.8980262875556946
1094.7986421585083 0.895312488079071
1099.110122203827 0.8913690447807312
1103.3713171482086 0.8920454382896423
1107.6486444473267 0.89402174949646
1111.9369413852692 0.8880208134651184
1116.2423446178436 0.8899999856948853
1120.580035686493 0.8918269276618958
1124.881808757782 0.8923611044883728
1129.2387356758118 0.8917410969734192
1133.5632784366608 0.8911637663841248
1137.8459396362305 0.8916666507720947
1142.1766736507416 0.8921371102333069
1146.466391324997 0.8916015625
1150.8138947486877 0.8929924368858337
1155.1113803386688 0.890625
1159.51029586792 0.8901785612106323
1163.8306262493134 0.8914930820465088
1168.1299250125885 0.8927364945411682
1172.469628572464 0.8922697305679321
1176.7926783561707 0.8926281929016113
1181.0771329402924 0.893750011920929
1208.7742402553558 0.8125
1214.8105931282043 0.8125
1219.178181886673 0.8229166865348816
1223.5446915626526 0.8203125
1227.9283022880554 0.8374999761581421
1232.2906093597412 0.859375
1236.6646065711975 0.8616071343421936
1241.0506024360657 0.87109375
1245.43390250206 0.8819444179534912
1249.7996356487274 0.887499988079071
1254.1578497886658 0.8948863744735718
1258.543611049652 0.8932291865348816
1262.9165761470795 0.8870192170143127
1267.2691118717194 0.8883928656578064
1271.5961952209473 0.8958333134651184
1275.9783771038055 0.888671875
1280.2760872840881 0.8915441036224365
1284.5752959251404 0.8940972089767456
1288.8385937213898 0.8930920958518982
1293.1379141807556 0.8890625238418579
1297.3958802223206 0.8913690447807312
1301.7058906555176 0.890625
1306.0048415660858 0.8899456262588501
1310.2919850349426 0.8893229365348816
1314.5775620937347 0.8924999833106995
1318.9206371307373 0.8918269276618958
1323.1823081970215 0.8946759104728699
1327.47891163826 0.8939732313156128
1331.8044006824493 0.8943965435028076
1336.1287071704865 0.8979166746139526
1340.445140361786 0.899193525314331
1344.7247607707977 0.900390625
1349.0520374774933 0.9005681872367859
1353.352042913437 0.9016544222831726
1357.6382768154144 0.9017857313156128
1361.9359285831451 0.9036458134651184
1366.1810717582703 0.9020270109176636
1370.4296793937683 0.9046052694320679
1374.7337794303894 0.9054487347602844
1379.0428545475006 0.9039062261581421
1407.5956680774689 0.875
1413.5864140987396 0.921875
1417.988126039505 0.9270833134651184
1422.4843122959137 0.890625
1426.9146451950073 0.8812500238418579
1431.3270182609558 0.9010416865348816
1435.710422039032 0.8883928656578064
1440.0741274356842 0.890625
1444.4994373321533 0.8923611044883728
1448.8464968204498 0.893750011920929
1453.1693749427795 0.8948863744735718
1457.6105687618256 0.8958333134651184
1461.930385351181 0.8966346383094788
1466.2880227565765 0.8928571343421936
1470.569941997528 0.8916666507720947
1474.9501123428345 0.890625
1479.2969422340393 0.8878676295280457
1483.603803396225 0.8836805820465088
1487.9434263706207 0.8881579041481018
1492.2879281044006 0.890625
1496.6215608119965 0.894345223903656
1500.9581587314606 0.8948863744735718
1505.2548999786377 0.89402174949646
1509.6361546516418 0.8932291865348816
1513.9550709724426 0.8924999833106995
1518.3141193389893 0.895432710647583
1522.6538875102997 0.8969907164573669
1527.0107991695404 0.8950892686843872
1531.3301498889923 0.8965517282485962
1535.7006390094757 0.8927083611488342
1540.0193634033203 0.8931451439857483
1544.3514235019684 0.8955078125
1548.6867587566376 0.8939393758773804
1553.0476200580597 0.8952205777168274
1557.3849263191223 0.8928571343421936
1561.7344052791595 0.8914930820465088
1566.0825655460358 0.8902027010917664
1570.4071810245514 0.8922697305679321
1574.7172644138336 0.8910256624221802
1579.04731798172 0.891406238079071
1606.7969539165497 0.84375
1612.8476679325104 0.90625
1617.195380449295 0.9166666865348816
1621.5527791976929 0.9296875
1625.8799555301666 0.925000011920929
1630.1818416118622 0.9322916865348816
1634.4799749851227 0.9285714030265808
1638.8008682727814 0.92578125
1643.164424419403 0.9166666865348816
1647.5055611133575 0.918749988079071
1651.8378915786743 0.9232954382896423
1656.1365957260132 0.9244791865348816
1660.4114339351654 0.9182692170143127
1664.7224147319794 0.9129464030265808
1668.987857580185 0.9104166626930237
1673.242269039154 0.912109375
1677.4950106143951 0.9136029481887817
1681.7811408042908 0.9131944179534912
1686.0390865802765 0.9128289222717285
1690.2785584926605 0.9156249761581421
1694.5879514217377 0.918154776096344
1698.8300833702087 0.9204545617103577
1703.1043498516083 0.9225543737411499
1707.4053485393524 0.9231770634651184
1711.7441718578339 0.9237499833106995
1716.0436313152313 0.9230769276618958
1720.3417255878448 0.9189814925193787
1724.667762517929 0.9174107313156128
1728.94903922081 0.9159482717514038
1733.2840723991394 0.9177083373069763
1737.5875658988953 0.9163306355476379
1741.924081325531 0.916015625
1746.2225139141083 0.9147727489471436
1750.5678651332855 0.9154411554336548
1754.8728063106537 0.9142857193946838
1759.1810433864594 0.9140625
1763.4614217281342 0.9155405163764954
1767.7830452919006 0.9169408082962036
1772.146811723709 0.9166666865348816
1776.4359059333801 0.914843738079071
1805.0045030117035 0.9375
1811.013451576233 0.921875
1815.4014768600464 0.9270833134651184
1819.7637794017792 0.921875
1824.1229922771454 0.9125000238418579
1828.5048484802246 0.90625
1832.881526708603 0.9196428656578064
1837.2063410282135 0.91796875
1841.5263800621033 0.9236111044883728
1845.8553249835968 0.9281250238418579
1850.1771080493927 0.9318181872367859
1854.4802973270416 0.9375
1858.7532000541687 0.9375
1863.043663263321 0.9419642686843872
1867.3608338832855 0.9437500238418579
1871.7031936645508 0.9453125
1875.960978269577 0.9466911554336548
1880.2148923873901 0.9461805820465088
1884.4339244365692 0.9457237124443054
1888.7103171348572 0.9468749761581421
1892.9554390907288 0.949404776096344
1897.1952259540558 0.9502840638160706
1901.4551937580109 0.94972825050354
1905.764405965805 0.9505208134651184
1910.0524370670319 0.9512500166893005
1914.3620409965515 0.9519230723381042
1918.6614875793457 0.9490740895271301
1922.9348330497742 0.9475446343421936
1927.2485604286194 0.9482758641242981
1931.5984482765198 0.9468749761581421
1935.9083535671234 0.9485887289047241
1940.1958410739899 0.9501953125
1944.497062444687 0.9517045617103577
1948.8332133293152 0.9522058963775635
1953.1880564689636 0.9526785612106323
1957.4756228923798 0.9539930820465088
1961.7532968521118 0.9543918967247009
1966.0500407218933 0.9547697305679321
1970.305426120758 0.9535256624221802
1974.5621840953827 0.953906238079071
2002.916301727295 0.96875
2009.047346830368 0.984375
2013.4610223770142 0.9895833134651184
2017.8771817684174 0.984375
2022.3078491687775 0.9750000238418579
2026.646434545517 0.9791666865348816
2031.0243515968323 0.9821428656578064
2035.4704225063324 0.98046875
2039.8155589103699 0.9791666865348816
2044.2045228481293 0.9781249761581421
2048.5496129989624 0.9801136255264282
2052.901797771454 0.9817708134651184
2057.215253353119 0.9831730723381042
2061.566995382309 0.984375
2065.953740119934 0.9854166507720947
2070.288397550583 0.986328125
2074.596168756485 0.9871323704719543
2078.85040807724 0.9861111044883728
2083.150015115738 0.9868420958518982
2087.4267666339874 0.9859374761581421
2091.7170565128326 0.9851190447807312
2096.0140602588654 0.9857954382896423
2100.3157126903534 0.9864130616188049
2104.6171588897705 0.9869791865348816
2108.9043571949005 0.987500011920929
2113.231260061264 0.9867788553237915
2117.556133031845 0.9861111044883728
2121.900046825409 0.9866071343421936
2126.2028152942657 0.985991358757019
2130.564551115036 0.9864583611488342
2134.961605787277 0.9868951439857483
2139.2962210178375 0.984375
2143.582571029663 0.9848484992980957
2147.935173034668 0.9834558963775635
2152.258975982666 0.981249988079071
2156.5992228984833 0.9817708134651184
2160.9296522140503 0.9822635054588318
2165.256824493408 0.9827302694320679
2169.554687023163 0.9831730723381042
2173.869663953781 0.983593761920929
2202.372793197632 1.0
2208.4115540981293 1.0
2212.839765548706 0.9895833134651184
2217.1901524066925 0.9921875
2221.5916283130646 0.987500011920929
2225.998494386673 0.9895833134651184
2230.342208147049 0.9910714030265808
2234.6499829292297 0.9921875
2239.008914232254 0.9895833134651184
2243.3814311027527 0.981249988079071
2247.7139735221863 0.9801136255264282
2252.063076019287 0.9791666865348816
2256.4695324897766 0.9807692170143127
2260.798211336136 0.9799107313156128
2265.1747319698334 0.981249988079071
2269.4908213615417 0.978515625
2273.8218467235565 0.9797794222831726
2278.135800600052 0.9809027910232544
2282.4455864429474 0.9819079041481018
2286.6784529685974 0.981249988079071
2290.958966255188 0.9821428656578064
2295.23174905777 0.9829545617103577
2299.5084598064423 0.9836956262588501
2303.786801099777 0.9830729365348816
2308.079001426697 0.981249988079071
2312.389710664749 0.9807692170143127
2316.66965842247 0.9803240895271301
2321.030668258667 0.9799107313156128
2325.354074716568 0.9806034564971924
2329.6839978694916 0.981249988079071
2333.9934694767 0.9818548560142517
2338.2872285842896 0.9814453125
2342.5904784202576 0.9820075631141663
2346.9156963825226 0.982536792755127
2351.2353303432465 0.9821428656578064
2355.5718224048615 0.9826388955116272
2359.8819591999054 0.9831081032752991
2364.2211968898773 0.9835526347160339
2368.5104784965515 0.9839743375778198
2372.8262526988983 0.983593761920929
2401.613349676132 1.0
2407.8579308986664 1.0
2412.3156921863556 1.0
2416.714419603348 1.0
2421.1011826992035 1.0
2425.5843482017517 1.0
2430.0044004917145 1.0
2434.4441423416138 1.0
2438.8437039852142 1.0
2443.275395154953 1.0
2447.657721757889 0.9971590638160706
2452.051868915558 0.9973958134651184
2456.4340858459473 0.995192289352417
2460.7820427417755 0.9955357313156128
2465.14289188385 0.9958333373069763
2469.4625844955444 0.99609375
2473.800218820572 0.9963235259056091
2478.1601119041443 0.9947916865348816
2482.494950771332 0.9950658082962036
2486.912343978882 0.9937499761581421
2491.297842979431 0.9940476417541504
2495.6451110839844 0.9943181872367859
2499.990163564682 0.9945651888847351
2504.381524324417 0.9934895634651184
2508.76806974411 0.9912499785423279
2513.1308736801147 0.989182710647583
2517.483880519867 0.9895833134651184
2521.836704015732 0.9899553656578064
2526.224795103073 0.9892241358757019
2530.5900576114655 0.9895833134651184
2534.9456572532654 0.9899193644523621
2539.3040759563446 0.9892578125
2543.685995578766 0.9895833134651184
2548.060339450836 0.9898896813392639
2552.473432302475 0.9892857074737549
2556.818958759308 0.9895833134651184
2561.170003890991 0.9898648858070374
2565.535234928131 0.9893091917037964
2569.8628726005554 0.9895833134651184
2574.21839594841 0.9898437261581421
2602.074304819107 1.0
2608.1708056926727 1.0
2612.5532743930817 0.9791666865348816
2616.9560747146606 0.984375
2621.3470141887665 0.987500011920929
2625.7359580993652 0.9895833134651184
2630.155661344528 0.9910714030265808
2634.571949005127 0.9921875
2638.9195218086243 0.9895833134651184
2643.2246522903442 0.987500011920929
2647.52486038208 0.9886363744735718
2651.7911653518677 0.9869791865348816
2656.1207513809204 0.9855769276618958
2660.417454957962 0.9866071343421936
2664.7307965755463 0.987500011920929
2669.0093438625336 0.98828125
2673.307962656021 0.9889705777168274
2677.597460269928 0.9878472089767456
2681.8885474205017 0.9851973652839661
2686.208105325699 0.9859374761581421
2690.4887969493866 0.9866071343421936
2694.7717559337616 0.9872159361839294
2699.0765409469604 0.98777174949646
2703.3556575775146 0.9856770634651184
2707.6694066524506 0.9862499833106995
2711.9816937446594 0.9867788553237915
2716.318025827408 0.9872685074806213
2720.659013271332 0.9877232313156128
2724.9641387462616 0.9881465435028076
2729.281835794449 0.9885416626930237
2733.6123881340027 0.9889112710952759
2737.9060106277466 0.9892578125
2742.234357357025 0.9886363744735718
2746.5403110980988 0.9889705777168274
2750.860858440399 0.9892857074737549
2755.165807247162 0.9895833134651184
2759.4712903499603 0.9890202879905701
2763.796489715576 0.9893091917037964
2768.0902371406555 0.9895833134651184
2772.391075849533 0.9898437261581421
2801.322692632675 1.0
2807.3731927871704 0.984375
2811.8462002277374 0.9895833134651184
2816.2444274425507 0.9921875
2820.665722846985 0.9937499761581421
2825.0508720874786 0.9947916865348816
2829.4081819057465 0.9955357313156128
2833.724132299423 0.99609375
2838.105185985565 0.9965277910232544
2842.4359333515167 0.996874988079071
2846.7604415416718 0.9971590638160706
2851.072679758072 0.9973958134651184
2855.4298510551453 0.9975961446762085
2859.7416944503784 0.9977678656578064
2864.027449131012 0.9979166388511658
2868.3243629932404 0.998046875
2872.591000556946 0.9963235259056091
2876.8754410743713 0.9965277910232544
2881.179347753525 0.9967105388641357
2885.4132187366486 0.996874988079071
2889.686062812805 0.9970238208770752
2894.0127670764923 0.9971590638160706
2898.3007481098175 0.9972826242446899
2902.57927942276 0.9973958134651184
2906.894295692444 0.9975000023841858
2911.241276741028 0.9975961446762085
2915.550833463669 0.9976851940155029
2919.8587498664856 0.9977678656578064
2924.1723821163177 0.9978448152542114
2928.5120713710785 0.9979166388511658
2932.8090126514435 0.9979838728904724
2937.149509906769 0.998046875
2941.4801816940308 0.998106062412262
2945.818248271942 0.998161792755127
2950.193630695343 0.9982143044471741
2954.524488925934 0.9982638955116272
2958.8597180843353 0.9983108043670654
2963.2157003879547 0.9983552694320679
2967.5537333488464 0.9983974099159241
2971.8408138751984 0.9984375238418579
3001.251666545868 1.0
3007.3899533748627 1.0
3011.780410528183 1.0
3016.2721042633057 1.0
3020.7143473625183 1.0
3025.0793268680573 1.0
3029.43327665329 1.0
3033.744437456131 1.0
3038.065903902054 1.0
3042.4069850444794 1.0
3046.7164435386658 1.0
3051.062632083893 1.0
3055.3810501098633 1.0
3059.701551437378 1.0
3064.1080334186554 0.9979166388511658
3068.4377822875977 0.998046875
3072.7535717487335 0.998161792755127
3077.0640304088593 0.9982638955116272
3081.3841376304626 0.9983552694320679
3085.6439905166626 0.9984375238418579
3089.962017774582 0.9985119104385376
3094.251418352127 0.9985795617103577
3098.5841023921967 0.998641312122345
3102.897716283798 0.9986979365348816
3107.2405767440796 0.9987499713897705
3111.589397907257 0.9987980723381042
3115.965744495392 0.9988425970077515
3120.320013523102 0.9977678656578064
3124.671950817108 0.9978448152542114
3129.031491756439 0.9979166388511658
3133.386664867401 0.9979838728904724
3137.694761276245 0.998046875
3142.0574247837067 0.998106062412262
3146.3558819293976 0.998161792755127
3150.7197620868683 0.9982143044471741
3155.0640609264374 0.9982638955116272
3159.4037959575653 0.9983108043670654
3163.744781970978 0.9975329041481018
3168.0480670928955 0.9975961446762085
3172.3777928352356 0.9976562261581421
3201.2788093090057 1.0
3207.3019931316376 1.0
3211.7100219726562 1.0
3216.0626096725464 1.0
3220.415249109268 1.0
3224.7897214889526 1.0
3229.1879448890686 1.0
3233.5007140636444 1.0
3237.833114862442 1.0
3242.1684687137604 1.0
3246.4540524482727 1.0
3250.7526206970215 1.0
3255.087580680847 1.0
3259.370208978653 0.9955357313156128
3263.604269504547 0.9958333373069763
3267.864819765091 0.99609375
3272.165075778961 0.9963235259056091
3276.443951368332 0.9965277910232544
3280.726526737213 0.9967105388641357
3285.002516269684 0.996874988079071
3289.293433189392 0.9970238208770752
3293.6359536647797 0.9971590638160706
3297.9366631507874 0.9972826242446899
3302.2207016944885 0.9973958134651184
3306.528520345688 0.9962499737739563
3310.864837884903 0.9963942170143127
3315.170551300049 0.9965277910232544
3319.549212694168 0.9966517686843872
3323.866044521332 0.9967672228813171
3328.1858575344086 0.996874988079071
3332.497932910919 0.9969757795333862
3336.8407576084137 0.9970703125
3341.205755710602 0.9971590638160706
3345.566123485565 0.9972426295280457
3349.8764696121216 0.9973214268684387
3354.186902284622 0.9973958134651184
3358.4754531383514 0.9974662065505981
3362.7854011058807 0.9975329041481018
3367.094015598297 0.9975961446762085
3371.4026062488556 0.9976562261581421
3400.672580242157 1.0
3406.7350523471832 1.0
3411.19397521019 1.0
3415.612731218338 1.0
3419.976381778717 1.0
3424.3559687137604 1.0
3428.7025673389435 1.0
3433.074452161789 1.0
3437.460729598999 1.0
3441.7881894111633 1.0
3446.125610589981 1.0
3450.4976370334625 1.0
3454.850502729416 1.0
3459.230349779129 1.0
3463.5740175247192 1.0
3467.9070563316345 1.0
3472.2383501529694 1.0
3476.555520772934 1.0
3480.91286611557 1.0
3485.2013063430786 1.0
3489.5492589473724 1.0
3493.8830876350403 1.0
3498.22811126709 1.0
3502.4975945949554 1.0
3506.8274688720703 1.0
3511.136212825775 1.0
3515.497453927994 0.9988425970077515
3519.8433167934418 0.9988839030265808
3524.165858745575 0.9989224076271057
3528.5142557621 0.9979166388511658
3532.8610479831696 0.9979838728904724
3537.142023086548 0.998046875
3541.4520769119263 0.998106062412262
3545.77485537529 0.998161792755127
3550.1146273612976 0.9982143044471741
3554.4513216018677 0.9982638955116272
3558.7476716041565 0.9983108043670654
3563.0490934848785 0.9983552694320679
3567.367859363556 0.9983974099159241
3571.690472841263 0.9984375238418579
3598.022271633148 1.0
3604.2492911815643 1.0
3608.735433578491 1.0
3613.2062137126923 1.0
3617.6629164218903 1.0
3622.110646009445 1.0
3626.552939414978 1.0
3630.9843254089355 1.0
