18.336864709854126 6.456598281860352
24.479445219039917 2.814791202545166
28.94791531562805 2.4589476585388184
33.39085102081299 2.5448739528656006
37.80782651901245 2.3106601238250732
42.2134370803833 2.235710859298706
46.576143980026245 2.3148603439331055
50.93509817123413 2.0385303497314453
55.3086621761322 2.1109671592712402
59.655043601989746 1.877789855003357
63.99291658401489 2.0053141117095947
68.28757810592651 1.7358139753341675
72.61683487892151 1.9183709621429443
76.9540205001831 1.8126678466796875
81.25695419311523 1.387363314628601
85.55631136894226 1.561316967010498
89.87038207054138 1.7255935668945312
94.17756509780884 1.0122036933898926
98.50951290130615 1.4396709203720093
102.7773916721344 1.3503390550613403
107.06943249702454 1.4957325458526611
111.35676169395447 1.3321057558059692
115.58801436424255 1.0828620195388794
119.89105415344238 1.152564287185669
124.16557574272156 0.9903424382209778
128.45129132270813 1.220956802368164
132.76418089866638 1.2037017345428467
137.08031725883484 1.1807531118392944
141.44868564605713 1.2214393615722656
145.7923345565796 1.1317893266677856
150.16305589675903 0.9958420991897583
154.481586933136 1.1590629816055298
158.824862241745 1.0063713788986206
163.12152481079102 0.869041919708252
167.40908217430115 0.7964916229248047
171.69018530845642 1.190137267112732
175.99856281280518 0.7575380802154541
180.28973388671875 1.0053099393844604
184.59925031661987 0.7029003500938416
188.89194750785828 0.8936972618103027
217.50055527687073 0.8832554817199707
223.5476987361908 0.8011821508407593
227.92547225952148 1.2994122505187988
232.32672691345215 1.0144870281219482
236.77347230911255 0.8052088022232056
241.23598980903625 0.9547238349914551
245.64322996139526 1.0861471891403198
249.99849724769592 0.7755424976348877
254.37014746665955 0.8025765419006348
258.7113606929779 0.9509287476539612
263.1891098022461 0.8872315883636475
267.5692467689514 0.6646838784217834
271.8896040916443 0.7414721250534058
276.2628059387207 0.7942248582839966
280.611704826355 0.7873423099517822
284.89683723449707 0.7021486759185791
289.2260763645172 0.6787959933280945
293.5217216014862 0.898974597454071
297.830445766449 0.7388212084770203
302.0735025405884 0.7597975730895996
306.4143226146698 0.7496768236160278
310.71988344192505 0.7310402393341064
315.0714418888092 0.587138831615448
319.34683895111084 0.4042201638221741
323.64427757263184 0.5123301148414612
328.0022177696228 0.6881040334701538
332.3214690685272 0.6585237979888916
336.6570391654968 0.6304529905319214
340.9911711215973 0.6201374530792236
345.29453349113464 0.7154756188392639
349.573495388031 0.6766783595085144
353.8759329319 0.6539516448974609
358.2054350376129 0.996993362903595
362.4919276237488 0.6318122744560242
366.8104090690613 0.5709998607635498
371.1197319030762 0.8360642194747925
375.42042350769043 0.8376230001449585
379.7729580402374 0.7954794764518738
384.0916872024536 0.6528782844543457
388.3944969177246 0.5531725883483887
416.58463311195374 0.6194514036178589
422.5881633758545 0.579980731010437
426.988694190979 0.7555145025253296
431.3960680961609 0.4521116018295288
435.7910633087158 0.8075785636901855
440.2038223743439 0.8908554315567017
444.64078736305237 0.7294579744338989
449.0444304943085 0.5231776237487793
453.4286983013153 0.8735777735710144
457.80450463294983 0.7979474067687988
462.2198929786682 0.7155381441116333
466.62136125564575 0.5848473310470581
471.00979828834534 0.6245660781860352
475.44485449790955 0.5692955255508423
479.8322334289551 0.6679199934005737
484.24081659317017 0.6261422634124756
488.56487464904785 0.6745833158493042
492.9098036289215 0.5163267850875854
497.25045228004456 0.5634126663208008
501.5763442516327 0.7831042408943176
505.96144127845764 0.6871068477630615
510.28443241119385 1.0297714471817017
514.5625600814819 0.5341277122497559
518.8967685699463 0.9001706838607788
523.2010111808777 0.7434293031692505
527.5946972370148 0.5311741828918457
531.9347946643829 0.8328590393066406
536.2730994224548 0.5642932653427124
540.6220965385437 0.5363168120384216
544.9579288959503 0.642720103263855
549.3316798210144 0.6041560173034668
553.7048115730286 1.3859902620315552
558.0891263484955 0.5995305776596069
562.4688251018524 0.6093139052391052
566.8313963413239 0.4615406095981598
571.1777956485748 0.7279438972473145
575.5193486213684 1.2678333520889282
579.8947734832764 0.7946060299873352
584.2152523994446 0.8601663708686829
588.5800259113312 0.7234697341918945
616.4236199855804 0.48622390627861023
622.4041838645935 0.5955051779747009
626.7427685260773 0.6109557151794434
631.1289978027344 0.6495969295501709
635.4910151958466 0.7806475162506104
639.8815748691559 0.8476163148880005
644.178745508194 0.5060567855834961
648.5338199138641 0.6558289527893066
652.8442676067352 0.4804013967514038
657.1135323047638 0.7453441023826599
661.4027335643768 0.5631083846092224
665.6632623672485 0.4403615891933441
669.9705710411072 0.43443989753723145
674.2123656272888 0.7401565313339233
678.4752357006073 0.7836995720863342
682.7067391872406 0.646507978439331
687.0190343856812 0.714016318321228
691.2840247154236 0.5738506317138672
695.5620129108429 0.5376784801483154
699.7944686412811 0.4068303108215332
704.0678043365479 0.7069704532623291
708.3270008563995 0.6022853851318359
712.6116259098053 0.5546513795852661
716.8816938400269 0.4711059331893921
721.2353830337524 0.7234013080596924
725.5290100574493 0.5531257390975952
729.8037710189819 0.7060009241104126
734.1498870849609 0.5437097549438477
738.4687118530273 0.6845278739929199
742.7788255214691 0.5840232372283936
747.0542211532593 0.6030422449111938
751.3299372196198 0.41700178384780884
755.6370358467102 0.511414647102356
759.9347276687622 0.7157896161079407
764.2044672966003 0.6796188354492188
768.4856913089752 0.5343973636627197
772.785174369812 0.594038724899292
777.0746705532074 0.39814049005508423
781.3772130012512 0.615742564201355
785.6235699653625 0.6007323861122131
813.440229177475 0.5439292192459106
819.520503282547 0.36368340253829956
823.948991060257 0.6169710755348206
828.2661550045013 0.5892702341079712
832.5933723449707 0.5430516004562378
836.9181244373322 0.6297575235366821
841.2180905342102 0.6425331234931946
845.5668108463287 0.6506232023239136
849.9240167140961 0.6188982725143433
854.2951714992523 0.7655618190765381
858.5888042449951 0.7872294783592224
862.8997848033905 0.6625699996948242
867.2061760425568 0.4819962680339813
871.4923827648163 0.7580345869064331
875.7780125141144 0.6449809670448303
880.0253920555115 0.4450118839740753
884.3214387893677 0.5241705179214478
888.6215014457703 0.6100631952285767
892.892294883728 0.7370829582214355
897.175142288208 0.4158663749694824
901.4248015880585 0.9056039452552795
905.6940796375275 0.5705815553665161
909.9826219081879 0.4435482323169708
914.2953605651855 0.6230881214141846
918.5969936847687 0.5556050539016724
922.905205488205 0.5979970693588257
927.2192389965057 0.5335803627967834
931.5853931903839 0.42026594281196594
935.9108595848083 0.6621342301368713
940.2125566005707 0.7192020416259766
944.5334939956665 0.6175761222839355
948.8063170909882 0.49286502599716187
953.0958507061005 0.6200090646743774
957.3948564529419 0.5804119110107422
961.6959276199341 0.5989763736724854
966.0072317123413 0.5943694710731506
970.3056547641754 0.5342771410942078
974.6239228248596 0.5450109839439392
978.9279191493988 0.456260621547699
983.2510735988617 0.4652822017669678
1010.7062683105469 0.6430593729019165
1016.6884031295776 0.7402479648590088
1021.0395233631134 0.874907374382019
1025.4428207874298 0.7529022097587585
1029.8406629562378 0.6196640729904175
1034.1823031902313 0.5446140170097351
1038.5033242702484 0.6553308367729187
1042.784431695938 0.4844495952129364
1047.1385066509247 0.5526012182235718
1051.522250175476 0.6107178926467896
1055.8857901096344 0.5274196863174438
1060.2486598491669 0.5940603017807007
1064.5515522956848 0.5013757944107056
1068.8730521202087 0.4250777065753937
1073.196126461029 0.5764240026473999
1077.4989414215088 0.5956007242202759
1081.8098995685577 0.5513521432876587
1086.1861972808838 0.6784565448760986
1090.503014087677 0.46466121077537537
1094.7986421585083 0.6250033378601074
1099.110122203827 0.7125239372253418
1103.3713171482086 0.7034611701965332
1107.6486444473267 0.4779290556907654
1111.9369413852692 0.8397966623306274
1116.2423446178436 0.6526306867599487
1120.580035686493 0.46637991070747375
1124.881808757782 0.5257204174995422
1129.2387356758118 0.7087275981903076
1133.5632784366608 0.5667031407356262
1137.8459396362305 0.6328878402709961
1142.1766736507416 0.5330404043197632
1146.466391324997 0.6003448963165283
1150.8138947486877 0.42185282707214355
1155.1113803386688 0.6886140704154968
1159.51029586792 0.6658786535263062
1163.8306262493134 0.6184341907501221
1168.1299250125885 0.5039584636688232
1172.469628572464 0.5711133480072021
1176.7926783561707 0.602442741394043
1181.0771329402924 0.4679020345211029
1208.7742402553558 0.6734662055969238
1214.8105931282043 0.8132039904594421
1219.178181886673 0.8569397330284119
1223.5446915626526 0.7935090661048889
1227.9283022880554 0.5613692998886108
1232.2906093597412 0.39016348123550415
1236.6646065711975 0.5885505080223083
1241.0506024360657 0.5707732439041138
1245.43390250206 0.46127527952194214
1249.7996356487274 0.6204293966293335
1254.1578497886658 0.4121338129043579
1258.543611049652 0.7518675327301025
1262.9165761470795 0.8363699913024902
1267.2691118717194 0.5092958807945251
1271.5961952209473 0.4330666661262512
1275.9783771038055 0.73003089427948
1280.2760872840881 0.4626077711582184
1284.5752959251404 0.5826594829559326
1288.8385937213898 0.5251611471176147
1293.1379141807556 0.70887690782547
1297.3958802223206 0.6055067777633667
1301.7058906555176 0.6921283006668091
1306.0048415660858 0.7240537405014038
1310.2919850349426 0.663946807384491
1314.5775620937347 0.552757203578949
1318.9206371307373 0.7828061580657959
1323.1823081970215 0.39471235871315
1327.47891163826 0.5806905031204224
1331.8044006824493 0.5005082488059998
1336.1287071704865 0.4008173644542694
1340.445140361786 0.5142055749893188
1344.7247607707977 0.39578449726104736
1349.0520374774933 0.5329719185829163
1353.352042913437 0.583663821220398
1357.6382768154144 0.596224308013916
1361.9359285831451 0.5694248080253601
1366.1810717582703 0.7161014676094055
1370.4296793937683 0.44145387411117554
1374.7337794303894 0.5648077130317688
1379.0428545475006 0.8708131313323975
1407.5956680774689 0.5195302963256836
1413.5864140987396 0.3727547228336334
1417.988126039505 0.44999027252197266
1422.4843122959137 0.7106812000274658
1426.9146451950073 0.7210857272148132
1431.3270182609558 0.3936793804168701
1435.710422039032 0.7865118980407715
1440.0741274356842 0.49136465787887573
1444.4994373321533 0.608231782913208
1448.8464968204498 0.5653342008590698
1453.1693749427795 0.6043268442153931
1457.6105687618256 0.5423303842544556
1461.930385351181 0.5948126316070557
1466.2880227565765 0.681835412979126
1470.569941997528 0.6592869162559509
1474.9501123428345 0.6723026037216187
1479.2969422340393 0.7232027053833008
1483.603803396225 0.6873619556427002
1487.9434263706207 0.4203343987464905
1492.2879281044006 0.5129021406173706
1496.6215608119965 0.4374666213989258
1500.9581587314606 0.8132257461547852
1505.2548999786377 0.6715872883796692
1509.6361546516418 0.6967402696609497
1513.9550709724426 0.6429958343505859
1518.3141193389893 0.5189672708511353
1522.6538875102997 0.4672389030456543
1527.0107991695404 0.7321940660476685
1531.3301498889923 0.43866193294525146
1535.7006390094757 0.8606716394424438
1540.0193634033203 0.6154231429100037
1544.3514235019684 0.5446410775184631
1548.6867587566376 0.7671542167663574
1553.0476200580597 0.44028615951538086
1557.3849263191223 0.6921722888946533
1561.7344052791595 0.7989578247070312
1566.0825655460358 0.6696426272392273
1570.4071810245514 0.45897790789604187
1574.7172644138336 0.5342179536819458
1579.04731798172 0.6032989025115967
1606.7969539165497 0.5910806655883789
1612.8476679325104 0.38028204441070557
1617.195380449295 0.5320554375648499
1621.5527791976929 0.4813344478607178
1625.8799555301666 0.6531941890716553
1630.1818416118622 0.4306630492210388
1634.4799749851227 0.6396907567977905
1638.8008682727814 0.6183232069015503
1643.164424419403 0.579955518245697
1647.5055611133575 0.7415453791618347
1651.8378915786743 0.447782039642334
1656.1365957260132 0.5187364220619202
1660.4114339351654 0.6628850698471069
1664.7224147319794 0.5991915464401245
1668.987857580185 0.606913149356842
1673.242269039154 0.5188906788825989
1677.4950106143951 0.44609299302101135
1681.7811408042908 0.5627191662788391
1686.0390865802765 0.5373411178588867
1690.2785584926605 0.4212026000022888
1694.5879514217377 0.4738028943538666
1698.8300833702087 0.4553948640823364
1703.1043498516083 0.4150119423866272
1707.4053485393524 0.5035350918769836
1711.7441718578339 0.4846360981464386
1716.0436313152313 0.611888587474823
1720.3417255878448 0.7013453245162964
1724.667762517929 0.6627599596977234
1728.94903922081 0.5988530516624451
1733.2840723991394 0.47312143445014954
1737.5875658988953 0.8011579513549805
1741.924081325531 0.531361997127533
1746.2225139141083 0.6819862127304077
1750.5678651332855 0.5566459894180298
1754.8728063106537 0.5881417393684387
1759.1810433864594 0.5610612630844116
1763.4614217281342 0.4651656746864319
1767.7830452919006 0.46078363060951233
1772.146811723709 0.5657289624214172
1776.4359059333801 0.6826996207237244
1805.0045030117035 0.5444350242614746
1811.013451576233 0.537880539894104
1815.4014768600464 0.5256564021110535
1819.7637794017792 0.5695545673370361
1824.1229922771454 0.5826104879379272
1828.5048484802246 0.5508554577827454
1832.881526708603 0.4506808817386627
1837.2063410282135 0.489734023809433
1841.5263800621033 0.3525276780128479
1845.8553249835968 0.40759164094924927
1850.1771080493927 0.39798834919929504
1854.4802973270416 0.3376536965370178
1858.7532000541687 0.4549001455307007
1863.043663263321 0.3471550941467285
1867.3608338832855 0.3467637300491333
1871.7031936645508 0.42860162258148193
1875.960978269577 0.37808284163475037
1880.2148923873901 0.43086302280426025
1884.4339244365692 0.5786223411560059
1888.7103171348572 0.38811248540878296
1892.9554390907288 0.3228984773159027
1897.1952259540558 0.36078691482543945
1901.4551937580109 0.49318748712539673
1905.764405965805 0.4195169508457184
1910.0524370670319 0.47652146220207214
1914.3620409965515 0.4243984818458557
1918.6614875793457 0.5743757486343384
1922.9348330497742 0.42794859409332275
1927.2485604286194 0.395109087228775
1931.5984482765198 0.6019604206085205
1935.9083535671234 0.2983298599720001
1940.1958410739899 0.3804130554199219
1944.497062444687 0.3091233968734741
1948.8332133293152 0.32295742630958557
1953.1880564689636 0.3686482310295105
1957.4756228923798 0.31337761878967285
1961.7532968521118 0.36376655101776123
1966.0500407218933 0.6173484921455383
1970.305426120758 0.45754408836364746
1974.5621840953827 0.3737882077693939
2002.916301727295 0.35840922594070435
2009.047346830368 0.28568828105926514
2013.4610223770142 0.3278391361236572
2017.8771817684174 0.3466450870037079
2022.3078491687775 0.4251450002193451
2026.646434545517 0.30345049500465393
2031.0243515968323 0.31166255474090576
2035.4704225063324 0.41911327838897705
2039.8155589103699 0.4296528995037079
2044.2045228481293 0.31130266189575195
2048.5496129989624 0.28668108582496643
2052.901797771454 0.2904646396636963
2057.215253353119 0.2936287522315979
2061.566995382309 0.29705536365509033
2065.953740119934 0.2871585786342621
2070.288397550583 0.28247952461242676
2074.596168756485 0.29692381620407104
2078.85040807724 0.29934024810791016
2083.150015115738 0.28434860706329346
2087.4267666339874 0.3126879334449768
2091.7170565128326 0.3276551067829132
2096.0140602588654 0.29387345910072327
2100.3157126903534 0.2847355902194977
2104.6171588897705 0.2649461030960083
2108.9043571949005 0.29159650206565857
2113.231260061264 0.34613460302352905
2117.556133031845 0.3128190040588379
2121.900046825409 0.28502264618873596
2126.2028152942657 0.3704455494880676
2130.564551115036 0.26298099756240845
2134.961605787277 0.2722892761230469
2139.2962210178375 0.4832407832145691
2143.582571029663 0.2671564519405365
2147.935173034668 0.40112626552581787
2152.258975982666 0.40119510889053345
2156.5992228984833 0.25544577836990356
2160.9296522140503 0.26412826776504517
2165.256824493408 0.25745224952697754
2169.554687023163 0.2682042419910431
2173.869663953781 0.2552642226219177
2202.372793197632 0.2500481903553009
2208.4115540981293 0.2580568492412567
2212.839765548706 0.2925184369087219
2217.1901524066925 0.24929875135421753
2221.5916283130646 0.35265037417411804
2225.998494386673 0.2532033920288086
2230.342208147049 0.2565474510192871
2234.6499829292297 0.28901636600494385
2239.008914232254 0.31974002718925476
2243.3814311027527 0.3797513246536255
2247.7139735221863 0.310847669839859
2252.063076019287 0.3121379315853119
2256.4695324897766 0.24867363274097443
2260.798211336136 0.30139636993408203
2265.1747319698334 0.23623844981193542
2269.4908213615417 0.4279109835624695
2273.8218467235565 0.2565510869026184
2278.135800600052 0.23731839656829834
2282.4455864429474 0.30282390117645264
2286.6784529685974 0.3113050162792206
2290.958966255188 0.2532358765602112
2295.23174905777 0.25711971521377563
2299.5084598064423 0.2585929334163666
2303.786801099777 0.3010307550430298
2308.079001426697 0.2991425693035126
2312.389710664749 0.3432583212852478
2316.66965842247 0.2702616751194
2321.030668258667 0.29371723532676697
2325.354074716568 0.2727581560611725
2329.6839978694916 0.22658367455005646
2333.9934694767 0.2315027415752411
2338.2872285842896 0.3013869524002075
2342.5904784202576 0.22970987856388092
2346.9156963825226 0.2508317232131958
2351.2353303432465 0.27029043436050415
2355.5718224048615 0.2302018105983734
2359.8819591999054 0.2285611778497696
2364.2211968898773 0.24002046883106232
2368.5104784965515 0.23901447653770447
2372.8262526988983 0.2757447361946106
2401.613349676132 0.2257172018289566
2407.8579308986664 0.23840849101543427
2412.3156921863556 0.23799438774585724
2416.714419603348 0.2412639856338501
2421.1011826992035 0.2227642983198166
2425.5843482017517 0.22460123896598816
2430.0044004917145 0.21995075047016144
2434.4441423416138 0.2225618064403534
2438.8437039852142 0.21968509256839752
2443.275395154953 0.22052732110023499
2447.657721757889 0.3064926564693451
2452.051868915558 0.24328890442848206
2456.4340858459473 0.24448330700397491
2460.7820427417755 0.2207096666097641
2465.14289188385 0.2171410620212555
2469.4625844955444 0.21400657296180725
2473.800218820572 0.23601986467838287
2478.1601119041443 0.24591180682182312
2482.494950771332 0.21132199466228485
2486.912343978882 0.25258055329322815
2491.297842979431 0.2153494954109192
2495.6451110839844 0.21755629777908325
2499.990163564682 0.21369905769824982
2504.381524324417 0.2531277537345886
2508.76806974411 0.3556274175643921
2513.1308736801147 0.2768630385398865
2517.483880519867 0.22002223134040833
2521.836704015732 0.2062305361032486
2526.224795103073 0.3258660137653351
2530.5900576114655 0.20451699197292328
2534.9456572532654 0.20369984209537506
2539.3040759563446 0.34970706701278687
2543.685995578766 0.20256702601909637
2548.060339450836 0.20576173067092896
2552.473432302475 0.31312042474746704
2556.818958759308 0.21706265211105347
2561.170003890991 0.23202809691429138
2565.535234928131 0.22964969277381897
2569.8628726005554 0.23133732378482819
2574.21839594841 0.21731947362422943
2602.074304819107 0.21176914870738983
2608.1708056926727 0.20583242177963257
2612.5532743930817 0.32179176807403564
2616.9560747146606 0.20108167827129364
2621.3470141887665 0.20842896401882172
2625.7359580993652 0.20048007369041443
2630.155661344528 0.22830486297607422
2634.571949005127 0.20029038190841675
2638.9195218086243 0.24920886754989624
2643.2246522903442 0.24806521832942963
2647.52486038208 0.19142383337020874
2651.7911653518677 0.3151213526725769
2656.1207513809204 0.26382479071617126
2660.417454957962 0.19033589959144592
2664.7307965755463 0.2038530707359314
2669.0093438625336 0.19413641095161438
2673.307962656021 0.1905842423439026
2677.597460269928 0.27050673961639404
2681.8885474205017 0.2800055146217346
2686.208105325699 0.19479724764823914
2690.4887969493866 0.18476007878780365
2694.7717559337616 0.19007909297943115
2699.0765409469604 0.18418549001216888
2703.3556575775146 0.30422836542129517
2707.6694066524506 0.18916328251361847
2711.9816937446594 0.18551993370056152
2716.318025827408 0.19470609724521637
2720.659013271332 0.19358095526695251
2724.9641387462616 0.18602712452411652
2729.281835794449 0.1886671483516693
2733.6123881340027 0.1843898892402649
2737.9060106277466 0.205171138048172
2742.234357357025 0.21439345180988312
2746.5403110980988 0.18843817710876465
2750.860858440399 0.18464438617229462
2755.165807247162 0.18271513283252716
2759.4712903499603 0.2579136788845062
2763.796489715576 0.18416470289230347
2768.0902371406555 0.19482554495334625
2772.391075849533 0.1830613911151886
2801.322692632675 0.18433041870594025
2807.3731927871704 0.22687369585037231
2811.8462002277374 0.19235549867153168
2816.2444274425507 0.19281651079654694
2820.665722846985 0.1852083057165146
2825.0508720874786 0.18608607351779938
2829.4081819057465 0.18622416257858276
2833.724132299423 0.18180124461650848
2838.105185985565 0.19988378882408142
2842.4359333515167 0.19001521170139313
2846.7604415416718 0.1887139081954956
2851.072679758072 0.1851215958595276
2855.4298510551453 0.1876640021800995
2859.7416944503784 0.18206767737865448
2864.027449131012 0.20075376331806183
2868.3243629932404 0.19613078236579895
2872.591000556946 0.22905442118644714
2876.8754410743713 0.18430283665657043
2881.179347753525 0.18105605244636536
2885.4132187366486 0.182430699467659
2889.686062812805 0.19268980622291565
2894.0127670764923 0.18507735431194305
2898.3007481098175 0.18489451706409454
2902.57927942276 0.18680892884731293
2906.894295692444 0.1816290318965912
2911.241276741028 0.18162739276885986
2915.550833463669 0.1802525371313095
2919.8587498664856 0.18074309825897217
2924.1723821163177 0.18370503187179565
2928.5120713710785 0.18313394486904144
2932.8090126514435 0.18325065076351166
2937.149509906769 0.18314306437969208
2941.4801816940308 0.18613065779209137
2945.818248271942 0.1797800064086914
2950.193630695343 0.20425404608249664
2954.524488925934 0.18020115792751312
2958.8597180843353 0.18630097806453705
2963.2157003879547 0.18099135160446167
2967.5537333488464 0.18959511816501617
2971.8408138751984 0.18566101789474487
3001.251666545868 0.18041589856147766
3007.3899533748627 0.1867179125547409
3011.780410528183 0.18006552755832672
3016.2721042633057 0.1833648979663849
3020.7143473625183 0.18228477239608765
3025.0793268680573 0.17981019616127014
3029.43327665329 0.1936444491147995
3033.744437456131 0.17910118401050568
3038.065903902054 0.1827804148197174
3042.4069850444794 0.18275493383407593
3046.7164435386658 0.24414728581905365
3051.062632083893 0.18142905831336975
3055.3810501098633 0.19673731923103333
3059.701551437378 0.19293205440044403
3064.1080334186554 0.23214827477931976
3068.4377822875977 0.17995792627334595
3072.7535717487335 0.17849980294704437
3077.0640304088593 0.2073790282011032
3081.3841376304626 0.18184542655944824
3085.6439905166626 0.1822291761636734
3089.962017774582 0.19503295421600342
3094.251418352127 0.1952560693025589
3098.5841023921967 0.1776828020811081
3102.897716283798 0.18442167341709137
3107.2405767440796 0.195547416806221
3111.589397907257 0.17970222234725952
3115.965744495392 0.1788395196199417
3120.320013523102 0.21003805100917816
3124.671950817108 0.17941558361053467
3129.031491756439 0.1821330040693283
3133.386664867401 0.17835919559001923
3137.694761276245 0.18246977031230927
3142.0574247837067 0.1776011735200882
3146.3558819293976 0.18289971351623535
3150.7197620868683 0.17699213325977325
3155.0640609264374 0.1928829699754715
3159.4037959575653 0.17827646434307098
3163.744781970978 0.20842421054840088
3168.0480670928955 0.19066046178340912
3172.3777928352356 0.18355736136436462
3201.2788093090057 0.17680147290229797
3207.3019931316376 0.17758256196975708
3211.7100219726562 0.17958439886569977
3216.0626096725464 0.17703069746494293
3220.415249109268 0.1775081306695938
3224.7897214889526 0.17726972699165344
3229.1879448890686 0.1764620989561081
3233.5007140636444 0.17676648497581482
3237.833114862442 0.1868482083082199
3242.1684687137604 0.17594769597053528
3246.4540524482727 0.17678500711917877
3250.7526206970215 0.18136370182037354
3255.087580680847 0.20988336205482483
3259.370208978653 0.24464842677116394
3263.604269504547 0.17568206787109375
3267.864819765091 0.1784723997116089
3272.165075778961 0.1761423796415329
3276.443951368332 0.1755589246749878
3280.726526737213 0.18492305278778076
3285.002516269684 0.18275341391563416
3289.293433189392 0.17613627016544342
3293.6359536647797 0.1907183974981308
3297.9366631507874 0.17500200867652893
3302.2207016944885 0.19926446676254272
3306.528520345688 0.26516082882881165
3310.864837884903 0.1754748672246933
3315.170551300049 0.18066729605197906
3319.549212694168 0.1773194670677185
3323.866044521332 0.1763886660337448
3328.1858575344086 0.1788911670446396
3332.497932910919 0.18282893300056458
3336.8407576084137 0.1746777892112732
3341.205755710602 0.17662635445594788
3345.566123485565 0.18737542629241943
3349.8764696121216 0.17762085795402527
3354.186902284622 0.19675524532794952
3358.4754531383514 0.17662876844406128
3362.7854011058807 0.18168015778064728
3367.094015598297 0.17477241158485413
3371.4026062488556 0.1750129759311676
3400.672580242157 0.18411099910736084
3406.7350523471832 0.19138887524604797
3411.19397521019 0.17640875279903412
3415.612731218338 0.1744861602783203
3419.976381778717 0.1739027351140976
3424.3559687137604 0.17711241543293
3428.7025673389435 0.17697416245937347
3433.074452161789 0.1761484295129776
3437.460729598999 0.1740279495716095
3441.7881894111633 0.1797146499156952
3446.125610589981 0.1777251660823822
3450.4976370334625 0.17885375022888184
3454.850502729416 0.17394720017910004
3459.230349779129 0.17563490569591522
3463.5740175247192 0.17341762781143188
3467.9070563316345 0.18390396237373352
3472.2383501529694 0.17337927222251892
3476.555520772934 0.17295925319194794
3480.91286611557 0.17632579803466797
3485.2013063430786 0.17359282076358795
3489.5492589473724 0.17323224246501923
3493.8830876350403 0.1726500540971756
3498.22811126709 0.17319943010807037
3502.4975945949554 0.17275622487068176
3506.8274688720703 0.18676047027111053
3511.136212825775 0.1777402013540268
3515.497453927994 0.2122160792350769
3519.8433167934418 0.17430362105369568
3524.165858745575 0.17401927709579468
3528.5142557621 0.22479531168937683
3532.8610479831696 0.17304308712482452
3537.142023086548 0.17925935983657837
3541.4520769119263 0.18291202187538147
3545.77485537529 0.17317751049995422
3550.1146273612976 0.17912498116493225
3554.4513216018677 0.1733952909708023
3558.7476716041565 0.17540675401687622
3563.0490934848785 0.1719948798418045
3567.367859363556 0.17210349440574646
3571.690472841263 0.17165270447731018
3598.022271633148 0.1746988147497177
3604.2492911815643 0.17233990132808685
3608.735433578491 0.1722508668899536
3613.2062137126923 0.17160920798778534
3617.6629164218903 0.17327551543712616
3622.110646009445 0.1721774935722351
3626.552939414978 0.17490732669830322
3630.9843254089355 0.17679330706596375
