13.40096378326416 4.610405445098877
19.71568489074707 2.2620151042938232
24.400720834732056 2.0365591049194336
29.066378831863403 2.0592846870422363
33.71267580986023 1.6524999141693115
38.373653411865234 1.6949853897094727
42.975130796432495 1.37744140625
47.502949237823486 1.339104413986206
52.092384338378906 1.557435393333435
56.64415240287781 1.3828325271606445
61.220741987228394 1.3149863481521606
65.75924181938171 1.1228505373001099
70.38835620880127 1.1682535409927368
74.97808861732483 1.1163575649261475
79.5730950832367 1.019789457321167
84.1674690246582 0.8244187831878662
88.76647090911865 1.1725670099258423
93.34715843200684 0.9695603251457214
97.94704723358154 0.8735644817352295
102.54779100418091 0.8143776655197144
131.45538210868835 0.7485705614089966
137.80317783355713 0.8449755311012268
142.49559116363525 0.8277373313903809
147.18038749694824 0.8558732867240906
151.9315323829651 0.6996241807937622
156.56440091133118 0.7866940498352051
161.22272968292236 0.7253232598304749
165.8415811061859 0.6744881868362427
170.48538088798523 1.071526288986206
175.04495477676392 0.8794805407524109
179.60601806640625 0.8965029716491699
184.22189354896545 0.5786700248718262
188.90347409248352 0.6781620979309082
193.51418542861938 0.8052629232406616
198.09041023254395 0.5109328031539917
202.70219826698303 0.6936975121498108
207.33262062072754 0.6370699405670166
211.94320631027222 0.7334526777267456
216.51839995384216 0.5470349788665771
221.11032938957214 0.6854162216186523
249.82671093940735 0.4897703230381012
256.13507652282715 0.8368550539016724
260.86572098731995 0.7961515188217163
265.5411717891693 0.6041374206542969
270.206077337265 0.5706812739372253
274.884024143219 0.5720912218093872
279.5489068031311 0.4675294756889343
284.2049345970154 0.5220764875411987
288.8262276649475 0.762373685836792
293.35401344299316 0.5281966924667358
297.9694836139679 0.5189448595046997
302.57911252975464 0.45494377613067627
307.2398509979248 0.5669122934341431
311.83367800712585 0.6423006057739258
316.42709279060364 0.3677936792373657
321.01163697242737 0.39192578196525574
325.63984084129333 0.5917086601257324
330.1402065753937 0.443839967250824
334.7438862323761 0.5444462299346924
339.29279589653015 0.47935962677001953
367.51656198501587 0.5727666616439819
373.9660415649414 0.6314581632614136
378.6890811920166 0.5047109127044678
383.393367767334 0.530501127243042
388.0476989746094 0.4087327718734741
392.67360258102417 0.45384836196899414
397.2985272407532 0.40298759937286377
401.93695187568665 0.4145890474319458
406.6308708190918 0.5618834495544434
411.3029022216797 0.49714744091033936
415.9281885623932 0.4348720908164978
420.54640460014343 0.39866966009140015
425.1282711029053 0.5100349187850952
429.7390320301056 0.4855111241340637
434.3307821750641 0.3272409737110138
438.9833986759186 0.4882403016090393
443.5615792274475 0.48699986934661865
448.2309527397156 0.4097607135772705
452.91138529777527 0.37337958812713623
457.52289032936096 0.4138433039188385
485.77852869033813 0.4222021698951721
492.08404302597046 0.4551941156387329
496.7918424606323 0.49819111824035645
501.50037479400635 0.3828168511390686
506.13914823532104 0.4344320297241211
510.7619194984436 0.4613490402698517
515.3466176986694 0.39999186992645264
519.8960027694702 0.3768685758113861
524.4937343597412 0.6507395505905151
529.1461634635925 0.5785210728645325
533.7169909477234 0.47127819061279297
538.3443562984467 0.4122692346572876
542.9466383457184 0.3761557638645172
547.5594987869263 0.511199951171875
552.1816670894623 0.2981712818145752
556.7681293487549 0.32418882846832275
561.3381140232086 0.47697412967681885
565.9543197154999 0.344795823097229
570.5113716125488 0.3781999349594116
575.1820163726807 0.32721707224845886
603.369936466217 0.3361583948135376
609.6619989871979 0.42133790254592896
614.3099842071533 0.44681912660598755
618.9572758674622 0.45272696018218994
623.602285861969 0.33738455176353455
628.2300612926483 0.3762374222278595
632.8418619632721 0.31724995374679565
637.4992740154266 0.3157855272293091
642.1294026374817 0.4685078263282776
646.7702128887177 0.4356834888458252
651.3848633766174 0.4200780987739563
656.0142948627472 0.3053901791572571
660.6438438892365 0.40311622619628906
665.2118351459503 0.409046471118927
669.8585991859436 0.2788832187652588
674.4531245231628 0.369434118270874
679.0562686920166 0.44327571988105774
683.5644021034241 0.3543734550476074
688.109477519989 0.3014311194419861
692.6994798183441 0.28604429960250854
721.1535005569458 0.3064674735069275
727.5281488895416 0.4019582271575928
732.2284467220306 0.42415305972099304
736.9745726585388 0.43127214908599854
741.691488981247 0.3755369782447815
746.3522975444794 0.44659608602523804
751.0316050052643 0.3743637204170227
755.6632318496704 0.33164334297180176
760.3193109035492 0.5480245351791382
765.0227572917938 0.35517239570617676
769.6054158210754 0.44537490606307983
774.2477011680603 0.28439509868621826
778.8926067352295 0.30536895990371704
783.496438741684 0.4050905108451843
788.0986738204956 0.31583473086357117
792.7799274921417 0.35681700706481934
797.3607044219971 0.37488651275634766
802.0347399711609 0.3487221598625183
806.6683483123779 0.34842029213905334
811.265508890152 0.31730127334594727
839.8477399349213 0.37584131956100464
846.3004412651062 0.3913596272468567
851.0224084854126 0.4161662459373474
855.7171604633331 0.40735310316085815
860.4432876110077 0.2708253264427185
865.0812406539917 0.3529183268547058
869.7090308666229 0.26315200328826904
874.415894985199 0.3513043224811554
879.0419743061066 0.4305688440799713
883.6451117992401 0.40304285287857056
888.3140420913696 0.3834676742553711
892.9133968353271 0.33329975605010986
897.512157201767 0.305723637342453
902.1732661724091 0.2855561077594757
906.7547929286957 0.3280380964279175
911.306441783905 0.34923723340034485
915.908020734787 0.3849233388900757
920.5084407329559 0.31365370750427246
925.0781006813049 0.27762359380722046
929.6995344161987 0.2889630198478699
958.2691402435303 0.3383643925189972
964.5817220211029 0.31655511260032654
969.2206845283508 0.5598893165588379
973.8613438606262 0.3141639232635498
978.5221464633942 0.32763686776161194
983.2504441738129 0.3527730107307434
987.9012746810913 0.38502514362335205
992.5076870918274 0.29451870918273926
997.103951215744 0.44644540548324585
1001.7085766792297 0.3174096643924713
1006.2296624183655 0.338459312915802
1010.9430568218231 0.305897057056427
1015.5855693817139 0.2665432393550873
1020.2049849033356 0.3375358581542969
1024.779061794281 0.30808645486831665
1029.3992099761963 0.28381070494651794
1034.016434431076 0.3889473080635071
1038.6263756752014 0.4477095603942871
1043.2629809379578 0.2646845877170563
1047.8907976150513 0.30687305331230164
1076.9195427894592 0.2488594949245453
1083.2530529499054 0.3477051258087158
1087.9009146690369 0.3260939419269562
1092.5329689979553 0.28772011399269104
1097.2213592529297 0.3406938910484314
1101.8733801841736 0.5061047077178955
1106.5215110778809 0.2949327230453491
1111.1431064605713 0.3171803951263428
1115.7563831806183 0.5857548117637634
1120.4080896377563 0.2762566804885864
1125.0022747516632 0.3484233021736145
1129.578912973404 0.3329840898513794
1134.201495885849 0.4142848253250122
1138.788903951645 0.3250957131385803
1143.4015769958496 0.26951485872268677
1148.0736739635468 0.2803035378456116
1152.629822731018 0.28101846575737
1157.2122747898102 0.37820106744766235
1161.8406476974487 0.26684895157814026
1166.4773201942444 0.3309415578842163
1194.8093609809875 0.33289167284965515
1201.108351945877 0.3477189540863037
1205.85271525383 0.383084774017334
1210.593599319458 0.36946171522140503
1215.2966704368591 0.2752048671245575
1220.0603744983673 0.32432690262794495
1224.6766695976257 0.24032297730445862
1229.3277497291565 0.2717896103858948
1233.97465133667 0.4552116394042969
1238.6160023212433 0.3186729848384857
1243.2199575901031 0.30833107233047485
1247.8357141017914 0.36971569061279297
1252.5042233467102 0.41155150532722473
1257.148329257965 0.33189693093299866
1261.7813227176666 0.2823410928249359
1266.40873670578 0.3353216052055359
1271.0901365280151 0.3841821551322937
1275.709130525589 0.3549696207046509
1280.3565158843994 0.35166460275650024
1285.0066947937012 0.2753371596336365
1313.5321474075317 0.2570371627807617
1319.868812084198 0.3863374590873718
1324.6442956924438 0.3469603359699249
1329.3836722373962 0.31882092356681824
1334.0846145153046 0.2854897677898407
1338.7766683101654 0.34185492992401123
1343.407606124878 0.26190170645713806
1348.129091501236 0.2984672486782074
1352.7964560985565 0.3775823712348938
1357.4580526351929 0.35404807329177856
1362.09850025177 0.3462523818016052
1366.738489151001 0.3155887722969055
1371.3831479549408 0.33315688371658325
1376.025027513504 0.28890931606292725
1380.6628050804138 0.2510472238063812
1385.2345914840698 0.2495962530374527
1389.9391741752625 0.3265610635280609
1394.5305182933807 0.300759494304657
1399.2083156108856 0.2535726726055145
1403.9243438243866 0.28655436635017395
1432.7018957138062 0.27217045426368713
1439.0242142677307 0.2903304100036621
1443.7086260318756 0.3468747138977051
1448.3370451927185 0.3161514401435852
1452.9500732421875 0.2653587758541107
1457.608836889267 0.3076261579990387
1462.290480852127 0.3115028738975525
1466.8821840286255 0.3944626450538635
1471.4995107650757 0.40264177322387695
1476.140470981598 0.31400662660598755
1480.7730314731598 0.25121185183525085
1485.3177785873413 0.31688201427459717
1489.9005868434906 0.36359190940856934
1494.4839787483215 0.441293865442276
1499.0232374668121 0.259443074464798
1503.640462398529 0.26521122455596924
1508.2444622516632 0.32729873061180115
1512.8248167037964 0.3115907609462738
1517.4525411128998 0.26214298605918884
1522.111445426941 0.32085487246513367
1550.4929103851318 0.25801730155944824
1556.7973437309265 0.4488193392753601
1561.4686329364777 0.32176831364631653
1566.0681328773499 0.3719468116760254
1570.711721420288 0.29860398173332214
1575.2952134609222 0.33844149112701416
1579.8952703475952 0.2659589946269989
1584.452523469925 0.34338951110839844
1589.0578863620758 0.3210434019565582
1593.6367406845093 0.29241523146629333
1598.254224061966 0.45502007007598877
1602.8298621177673 0.26762980222702026
1607.4059417247772 0.27589717507362366
1611.9995005130768 0.3850041925907135
1616.695363998413 0.33411791920661926
1621.2580258846283 0.2428683340549469
1625.8619055747986 0.27324700355529785
1630.4314398765564 0.26676085591316223
1635.0070550441742 0.2678554654121399
1639.6369907855988 0.31172001361846924
1667.4725050926208 0.33934447169303894
1673.8849337100983 0.2898746132850647
1678.5573830604553 0.3239383399486542
1683.2504525184631 0.3570008873939514
1687.9285261631012 0.24909117817878723
1692.5906944274902 0.3337497413158417
1697.240886926651 0.2578451335430145
1701.8708908557892 0.26257750391960144
1706.4222087860107 0.30849242210388184
1711.0468199253082 0.5322685241699219
1715.669383764267 0.3143330216407776
1720.2311899662018 0.48065733909606934
1724.7692575454712 0.4133687913417816
1729.3644397258759 0.27052000164985657
1733.923324584961 0.2661696970462799
1738.53266954422 0.25788235664367676
1743.1548109054565 0.3328462243080139
1747.749428987503 0.2695445120334625
1752.342536687851 0.3282463848590851
1756.9435620307922 0.27287524938583374
1785.6554162502289 0.32166576385498047
1792.0378506183624 0.35191357135772705
1796.7683877944946 0.2902103066444397
1801.441395998001 0.287631094455719
1806.1627514362335 0.2998313307762146
1810.8545467853546 0.33758974075317383
1815.4870941638947 0.30542224645614624
1820.0840952396393 0.3274141550064087
1824.6840872764587 0.37482666969299316
1829.3545517921448 0.3324897289276123
1834.0030748844147 0.30690115690231323
1838.5930144786835 0.2559719681739807
1843.2501521110535 0.27331578731536865
1847.8394544124603 0.34520864486694336
1852.4741575717926 0.26974087953567505
1857.115709066391 0.30946585536003113
1861.7411642074585 0.3089289963245392
1866.361026763916 0.2881659269332886
1870.9586827754974 0.2757873833179474
1875.5763101577759 0.29974740743637085
1904.01789021492 0.3032103180885315
1910.288420200348 0.33703145384788513
1914.958116531372 0.30567753314971924
1919.6904711723328 0.25550830364227295
1924.3447666168213 0.33149710297584534
1929.017940044403 0.3163464069366455
1933.6716034412384 0.2697201371192932
1938.2666399478912 0.29543182253837585
1942.8781387805939 0.3579103946685791
1947.4983253479004 0.2827654778957367
1952.0850076675415 0.3345680832862854
1956.6278584003448 0.24220283329486847
1961.249669790268 0.3794206380844116
1965.876954317093 0.28445231914520264
1970.445616722107 0.24710702896118164
1975.0097601413727 0.2835805416107178
1979.5980532169342 0.27641263604164124
1984.1693382263184 0.3628661334514618
1988.7492244243622 0.2791959047317505
1993.3670558929443 0.2748732268810272
2021.8275365829468 0.2706988751888275
2028.0975968837738 0.39272481203079224
2032.8127291202545 0.34398743510246277
2037.4791033267975 0.29033029079437256
2042.1495134830475 0.27359676361083984
2046.8458933830261 0.34814608097076416
2051.50026512146 0.24133996665477753
2056.117749929428 0.2818099856376648
2060.769759654999 0.2732037603855133
2065.415201187134 0.25343531370162964
2070.017965078354 0.32243046164512634
2074.649339199066 0.24860364198684692
2079.2936589717865 0.3575688600540161
2083.906280517578 0.32705962657928467
2088.524943590164 0.29508131742477417
2093.1368894577026 0.2549682557582855
2097.7086250782013 0.37616434693336487
2102.34090256691 0.321184366941452
2106.9467208385468 0.25047922134399414
2111.546044588089 0.3025093972682953
2140.2737140655518 0.33705613017082214
2146.6643512248993 0.31553107500076294
2151.4732370376587 0.2923610210418701
2156.166816711426 0.3612145185470581
2160.858809232712 0.26130226254463196
2165.51593208313 0.32316988706588745
2170.167610645294 0.31853073835372925
2174.767996072769 0.3208143413066864
2179.398226261139 0.42039862275123596
2184.092949151993 0.37798237800598145
2188.6875414848328 0.4171818792819977
2193.30211853981 0.39665859937667847
2197.9168360233307 0.28945595026016235
2202.5626623630524 0.27680715918540955
2207.2013490200043 0.2551247477531433
2211.847115278244 0.24116955697536469
2216.532871246338 0.3127651810646057
2221.116865873337 0.2910101115703583
2225.753696203232 0.26403090357780457
2230.4319636821747 0.27170664072036743
2258.835406064987 0.2662988305091858
2265.006172180176 0.3595803380012512
2269.7148344516754 0.27588316798210144
2274.3533782958984 0.27364253997802734
2279.005308151245 0.23120875656604767
2283.595361471176 0.40854543447494507
2288.1676836013794 0.34723401069641113
2292.7613291740417 0.25661909580230713
2297.338977575302 0.42803704738616943
2301.931923866272 0.30321836471557617
2306.5065217018127 0.4144420623779297
2311.138333082199 0.2784663736820221
2315.7277567386627 0.2650865912437439
2320.359045982361 0.36934566497802734
2324.9738249778748 0.25066885352134705
2329.515086889267 0.27218908071517944
2334.1310029029846 0.2761598825454712
2338.756160259247 0.33133113384246826
2343.3128061294556 0.26793330907821655
2347.895579814911 0.3050963282585144
