13.40096378326416 0.09375
19.71568489074707 0.203125
24.400720834732056 0.2708333432674408
29.066378831863403 0.3046875
33.71267580986023 0.35624998807907104
38.373653411865234 0.4010416567325592
42.975130796432495 0.4330357015132904
47.502949237823486 0.46875
52.092384338378906 0.4861111044883728
56.64415240287781 0.5062500238418579
61.220741987228394 0.515625
65.75924181938171 0.53515625
70.38835620880127 0.5504807829856873
74.97808861732483 0.5647321343421936
79.5730950832367 0.578125
84.1674690246582 0.59375
88.76647090911865 0.5992646813392639
93.34715843200684 0.6085069179534912
97.94704723358154 0.6208881735801697
102.54779100418091 0.6304687261581421
131.45538210868835 0.875
137.80317783355713 0.84375
142.49559116363525 0.8333333134651184
147.18038749694824 0.83203125
151.9315323829651 0.831250011920929
156.56440091133118 0.8385416865348816
161.22272968292236 0.84375
165.8415811061859 0.8515625
170.48538088798523 0.8420138955116272
175.04495477676392 0.8421875238418579
179.60601806640625 0.8394886255264282
184.22189354896545 0.84765625
188.90347409248352 0.8461538553237915
193.51418542861938 0.8448660969734192
198.09041023254395 0.8500000238418579
202.70219826698303 0.8515625
207.33262062072754 0.8538603186607361
211.94320631027222 0.8550347089767456
216.51839995384216 0.8585526347160339
221.11032938957214 0.8578125238418579
249.82671093940735 0.90625
256.13507652282715 0.8671875
260.86572098731995 0.859375
265.5411717891693 0.875
270.206077337265 0.8843749761581421
274.884024143219 0.890625
279.5489068031311 0.8973214030265808
284.2049345970154 0.900390625
288.8262276649475 0.8923611044883728
293.35401344299316 0.895312488079071
297.9694836139679 0.8977272510528564
302.57911252975464 0.90234375
307.2398509979248 0.9002403616905212
311.83367800712585 0.8962053656578064
316.42709279060364 0.9020833373069763
321.01163697242737 0.9052734375
325.63984084129333 0.9034926295280457
330.1402065753937 0.9053819179534912
334.7438862323761 0.9046052694320679
339.29279589653015 0.905468761920929
367.51656198501587 0.875
373.9660415649414 0.8671875
378.6890811920166 0.8802083134651184
383.393367767334 0.8828125
388.0476989746094 0.8968750238418579
392.67360258102417 0.8984375
397.2985272407532 0.9017857313156128
401.93695187568665 0.91015625
406.6308708190918 0.90625
411.3029022216797 0.909375011920929
415.9281885623932 0.9119318127632141
420.54640460014343 0.9166666865348816
425.1282711029053 0.917067289352417
429.7390320301056 0.9174107313156128
434.3307821750641 0.9208333492279053
438.9833986759186 0.9208984375
443.5615792274475 0.9209558963775635
448.2309527397156 0.9201388955116272
452.91138529777527 0.921875
457.52289032936096 0.921875
485.77852869033813 0.953125
492.08404302597046 0.921875
496.7918424606323 0.9166666865348816
501.50037479400635 0.92578125
506.13914823532104 0.9281250238418579
510.7619194984436 0.9296875
515.3466176986694 0.9330357313156128
519.8960027694702 0.9375
524.4937343597412 0.9305555820465088
529.1461634635925 0.925000011920929
533.7169909477234 0.9247159361839294
538.3443562984467 0.9283854365348816
542.9466383457184 0.9314903616905212
547.5594987869263 0.9296875
552.1816670894623 0.9333333373069763
556.7681293487549 0.935546875
561.3381140232086 0.935661792755127
565.9543197154999 0.9375
570.5113716125488 0.9366776347160339
575.1820163726807 0.938281238079071
603.369936466217 0.953125
609.6619989871979 0.9453125
614.3099842071533 0.9375
618.9572758674622 0.94140625
623.602285861969 0.9468749761581421
628.2300612926483 0.9453125
632.8418619632721 0.9508928656578064
637.4992740154266 0.955078125
642.1294026374817 0.9513888955116272
646.7702128887177 0.949999988079071
651.3848633766174 0.9488636255264282
656.0142948627472 0.953125
660.6438438892365 0.9495192170143127
665.2118351459503 0.9453125
669.8585991859436 0.9479166865348816
674.4531245231628 0.9462890625
679.0562686920166 0.9457720518112183
683.5644021034241 0.9470486044883728
688.109477519989 0.9490131735801697
692.6994798183441 0.9515625238418579
721.1535005569458 0.984375
727.5281488895416 0.9609375
732.2284467220306 0.9479166865348816
736.9745726585388 0.94921875
741.691488981247 0.949999988079071
746.3522975444794 0.9453125
751.0316050052643 0.9419642686843872
755.6632318496704 0.943359375
760.3193109035492 0.9427083134651184
765.0227572917938 0.9437500238418579
769.6054158210754 0.9417613744735718
774.2477011680603 0.9466145634651184
778.8926067352295 0.9495192170143127
783.496438741684 0.9497767686843872
788.0986738204956 0.9510416388511658
792.7799274921417 0.9521484375
797.3607044219971 0.953125
802.0347399711609 0.9539930820465088
806.6683483123779 0.9547697305679321
811.265508890152 0.9546874761581421
839.8477399349213 0.921875
846.3004412651062 0.9296875
851.0224084854126 0.9166666865348816
855.7171604633331 0.9140625
860.4432876110077 0.9312499761581421
865.0812406539917 0.9348958134651184
869.7090308666229 0.9419642686843872
874.415894985199 0.943359375
879.0419743061066 0.9427083134651184
883.6451117992401 0.942187488079071
888.3140420913696 0.9417613744735718
892.9133968353271 0.9453125
897.512157201767 0.948317289352417
902.1732661724091 0.9508928656578064
906.7547929286957 0.9510416388511658
911.306441783905 0.9501953125
915.908020734787 0.9503676295280457
920.5084407329559 0.9522569179534912
925.0781006813049 0.9547697305679321
929.6995344161987 0.956250011920929
958.2691402435303 0.921875
964.5817220211029 0.953125
969.2206845283508 0.9322916865348816
973.8613438606262 0.9453125
978.5221464633942 0.9437500238418579
983.2504441738129 0.9453125
987.9012746810913 0.9397321343421936
992.5076870918274 0.94140625
997.103951215744 0.9392361044883728
1001.7085766792297 0.9390624761581421
1006.2296624183655 0.9389204382896423
1010.9430568218231 0.94140625
1015.5855693817139 0.9447115659713745
1020.2049849033356 0.9453125
1024.779061794281 0.9468749761581421
1029.3992099761963 0.94921875
1034.016434431076 0.9476103186607361
1038.6263756752014 0.9461805820465088
1043.2629809379578 0.9481908082962036
1047.8907976150513 0.948437511920929
1076.9195427894592 1.0
1083.2530529499054 0.9765625
1087.9009146690369 0.96875
1092.5329689979553 0.97265625
1097.2213592529297 0.96875
1101.8733801841736 0.9583333134651184
1106.5215110778809 0.9598214030265808
1111.1431064605713 0.9609375
1115.7563831806183 0.9548611044883728
1120.4080896377563 0.957812488079071
1125.0022747516632 0.9573863744735718
1129.578912973404 0.95703125
1134.201495885849 0.9555288553237915
1138.788903951645 0.9564732313156128
1143.4015769958496 0.9583333134651184
1148.0736739635468 0.9599609375
1152.629822731018 0.9613970518112183
1157.2122747898102 0.9600694179534912
1161.8406476974487 0.9613487124443054
1166.4773201942444 0.9609375
1194.8093609809875 0.921875
1201.108351945877 0.9453125
1205.85271525383 0.9479166865348816
1210.593599319458 0.94921875
1215.2966704368591 0.956250011920929
1220.0603744983673 0.9583333134651184
1224.6766695976257 0.9642857313156128
1229.3277497291565 0.96875
1233.97465133667 0.9635416865348816
1238.6160023212433 0.964062511920929
1243.2199575901031 0.9644886255264282
1247.8357141017914 0.9622395634651184
1252.5042233467102 0.9591346383094788
1257.148329257965 0.9598214030265808
1261.7813227176666 0.9614583253860474
1266.40873670578 0.962890625
1271.0901365280151 0.9623161554336548
1275.709130525589 0.9618055820465088
1280.3565158843994 0.9597039222717285
1285.0066947937012 0.9609375
1313.5321474075317 1.0
1319.868812084198 0.96875
1324.6442956924438 0.9635416865348816
1329.3836722373962 0.9609375
1334.0846145153046 0.965624988079071
1338.7766683101654 0.9661458134651184
1343.407606124878 0.9709821343421936
1348.129091501236 0.970703125
1352.7964560985565 0.9704861044883728
1357.4580526351929 0.9703124761581421
1362.09850025177 0.9673295617103577
1366.738489151001 0.9661458134651184
1371.3831479549408 0.9651442170143127
1376.025027513504 0.9676339030265808
1380.6628050804138 0.9697916507720947
1385.2345914840698 0.9716796875
1389.9391741752625 0.970588207244873
1394.5305182933807 0.9696180820465088
1399.2083156108856 0.9712170958518982
1403.9243438243866 0.971875011920929
1432.7018957138062 0.984375
1439.0242142677307 0.984375
1443.7086260318756 0.9791666865348816
1448.3370451927185 0.9765625
1452.9500732421875 0.9781249761581421
1457.608836889267 0.9765625
1462.290480852127 0.9732142686843872
1466.8821840286255 0.96875
1471.4995107650757 0.9670138955116272
1476.140470981598 0.9671875238418579
1480.7730314731598 0.9701704382896423
1485.3177785873413 0.9700520634651184
1489.9005868434906 0.9675480723381042
1494.4839787483215 0.9631696343421936
1499.0232374668121 0.965624988079071
1503.640462398529 0.9677734375
1508.2444622516632 0.966911792755127
1512.8248167037964 0.9661458134651184
1517.4525411128998 0.9679276347160339
1522.111445426941 0.9671875238418579
1550.4929103851318 1.0
1556.7973437309265 0.96875
1561.4686329364777 0.96875
1566.0681328773499 0.96484375
1570.711721420288 0.965624988079071
1575.2952134609222 0.9609375
1579.8952703475952 0.9642857313156128
1584.452523469925 0.9609375
1589.0578863620758 0.9618055820465088
1593.6367406845093 0.9624999761581421
1598.254224061966 0.9588068127632141
1602.8298621177673 0.9609375
1607.4059417247772 0.9627403616905212
1611.9995005130768 0.9631696343421936
1616.695363998413 0.9635416865348816
1621.2580258846283 0.9658203125
1625.8619055747986 0.966911792755127
1630.4314398765564 0.9678819179534912
1635.0070550441742 0.9695723652839661
1639.6369907855988 0.969531238079071
1667.4725050926208 0.953125
1673.8849337100983 0.96875
1678.5573830604553 0.9583333134651184
1683.2504525184631 0.953125
1687.9285261631012 0.9624999761581421
1692.5906944274902 0.9609375
1697.240886926651 0.9665178656578064
1701.8708908557892 0.96875
1706.4222087860107 0.9670138955116272
1711.0468199253082 0.964062511920929
1715.669383764267 0.9630681872367859
1720.2311899662018 0.9596354365348816
1724.7692575454712 0.9567307829856873
1729.3644397258759 0.9575892686843872
1733.923324584961 0.9593750238418579
1738.53266954422 0.9609375
1743.1548109054565 0.9604779481887817
1747.749428987503 0.9626736044883728
1752.342536687851 0.9613487124443054
1756.9435620307922 0.961718738079071
1785.6554162502289 0.9375
1792.0378506183624 0.9453125
1796.7683877944946 0.9479166865348816
1801.441395998001 0.94921875
1806.1627514362335 0.953125
1810.8545467853546 0.953125
1815.4870941638947 0.9553571343421936
1820.0840952396393 0.95703125
1824.6840872764587 0.9548611044883728
1829.3545517921448 0.956250011920929
1834.0030748844147 0.9573863744735718
1838.5930144786835 0.9596354365348816
1843.2501521110535 0.9615384340286255
1847.8394544124603 0.9598214030265808
1852.4741575717926 0.9624999761581421
1857.115709066391 0.9619140625
1861.7411642074585 0.9604779481887817
1866.361026763916 0.9618055820465088
1870.9586827754974 0.9629934430122375
1875.5763101577759 0.9632812738418579
1904.01789021492 0.953125
1910.288420200348 0.953125
1914.958116531372 0.9583333134651184
1919.6904711723328 0.96875
1924.3447666168213 0.965624988079071
1929.017940044403 0.9635416865348816
1933.6716034412384 0.9665178656578064
1938.2666399478912 0.96875
1942.8781387805939 0.9670138955116272
1947.4983253479004 0.9703124761581421
1952.0850076675415 0.9701704382896423
1956.6278584003448 0.97265625
1961.249669790268 0.96875
1965.876954317093 0.9698660969734192
1970.445616722107 0.971875011920929
1975.0097601413727 0.9716796875
1979.5980532169342 0.9715073704719543
1984.1693382263184 0.9704861044883728
1988.7492244243622 0.9712170958518982
1993.3670558929443 0.971875011920929
2021.8275365829468 0.984375
2028.0975968837738 0.96875
2032.8127291202545 0.9635416865348816
2037.4791033267975 0.96484375
2042.1495134830475 0.965624988079071
2046.8458933830261 0.96875
2051.50026512146 0.9732142686843872
2056.117749929428 0.97265625
2060.769759654999 0.9722222089767456
2065.415201187134 0.973437488079071
2070.017965078354 0.9730113744735718
2074.649339199066 0.9752604365348816
2079.2936589717865 0.9759615659713745
2083.906280517578 0.9743303656578064
2088.524943590164 0.9750000238418579
2093.1368894577026 0.9755859375
2097.7086250782013 0.9715073704719543
2102.34090256691 0.9722222089767456
2106.9467208385468 0.9728618264198303
2111.546044588089 0.971875011920929
2140.2737140655518 0.96875
2146.6643512248993 0.96875
2151.4732370376587 0.9635416865348816
2156.166816711426 0.9609375
2160.858809232712 0.965624988079071
2165.51593208313 0.9635416865348816
2170.167610645294 0.9642857313156128
2174.767996072769 0.962890625
2179.398226261139 0.9618055820465088
2184.092949151993 0.957812488079071
2188.6875414848328 0.9545454382896423
2193.30211853981 0.953125
2197.9168360233307 0.9555288553237915
2202.5626623630524 0.9564732313156128
2207.2013490200043 0.9593750238418579
2211.847115278244 0.9619140625
2216.532871246338 0.9604779481887817
2221.116865873337 0.9609375
2225.753696203232 0.9621710777282715
2230.4319636821747 0.9632812738418579
2258.835406064987 0.984375
2265.006172180176 0.9765625
2269.7148344516754 0.9791666865348816
2274.3533782958984 0.98046875
2279.005308151245 0.984375
2283.595361471176 0.9791666865348816
2288.1676836013794 0.9776785969734192
2292.7613291740417 0.978515625
2297.338977575302 0.9704861044883728
2301.931923866272 0.9703124761581421
2306.5065217018127 0.9644886255264282
2311.138333082199 0.9661458134651184
2315.7277567386627 0.9663461446762085
2320.359045982361 0.9654017686843872
2324.9738249778748 0.9666666388511658
2329.515086889267 0.9677734375
2334.1310029029846 0.9678308963775635
2338.756160259247 0.9678819179534912
2343.3128061294556 0.96875
2347.895579814911 0.967968761920929
