11.780579566955566 6.155132293701172
23.486387968063354 3.572512626647949
33.533225774765015 3.407766342163086
43.45767140388489 3.063230514526367
53.60928916931152 2.8533120155334473
84.18204760551453 2.5683703422546387
95.8201584815979 2.504225492477417
105.7709379196167 2.258084297180176
115.99365091323853 1.9786070585250854
126.49095153808594 1.8462984561920166
158.01794242858887 1.752530574798584
169.78031992912292 1.6182713508605957
179.79610133171082 1.435286521911621
189.89444637298584 1.4088298082351685
200.33816170692444 1.2220827341079712
231.77661967277527 1.1757779121398926
243.34724688529968 1.0572962760925293
253.48592948913574 1.033258318901062
263.741414308548 0.9098614454269409
274.3080279827118 0.9092563390731812
305.2947037220001 0.8306238651275635
317.11424469947815 0.9101457595825195
327.2633156776428 0.8481641411781311
337.5220685005188 0.7637258172035217
347.9123795032501 0.72785484790802
378.91908407211304 0.6931005120277405
390.5425069332123 0.6972508430480957
400.4919316768646 0.6988468170166016
410.442355632782 0.6095496416091919
420.7278039455414 0.5938025712966919
452.1665713787079 0.5733498334884644
463.75570845603943 0.5555713176727295
473.8615012168884 0.6609326601028442
484.2786946296692 0.532543420791626
494.7372853755951 0.4863758683204651
525.8348717689514 0.540871798992157
537.6910572052002 0.498563677072525
547.794091463089 0.5680820941925049
558.1303713321686 0.4935898780822754
568.5705053806305 0.5191564559936523
599.2716915607452 0.4640837609767914
610.9194047451019 0.4695031940937042
621.0924398899078 0.5856268405914307
631.4654557704926 0.41428741812705994
641.8091826438904 0.4543200135231018
672.7830183506012 0.40043342113494873
684.407457113266 0.3865894675254822
694.4717161655426 0.4657529592514038
704.5478436946869 0.43913331627845764
714.7881925106049 0.44737547636032104
746.4475016593933 0.45132172107696533
758.559727191925 0.43548357486724854
768.7221240997314 0.5190236568450928
779.0778090953827 0.3955026865005493
789.6539611816406 0.41772347688674927
820.8907763957977 0.4266682267189026
832.6358327865601 0.3953462243080139
842.7539041042328 0.3956313729286194
853.1061410903931 0.41613075137138367
863.6340489387512 0.4255431294441223
895.4203069210052 0.3804243505001068
907.3271331787109 0.38246631622314453
917.458104133606 0.45378825068473816
927.7173976898193 0.40967705845832825
938.23712682724 0.3514634370803833
969.3613786697388 0.38434433937072754
981.1813502311707 0.3833377957344055
991.3527431488037 0.3971696197986603
1001.7818419933319 0.36189326643943787
1012.4049746990204 0.40986368060112
1043.8171372413635 0.3794002830982208
1055.6462271213531 0.3900396227836609
1065.8898568153381 0.37297916412353516
1076.2958204746246 0.3979431986808777
1086.8222823143005 0.3568761944770813
1118.3046884536743 0.40198880434036255
1130.0539321899414 0.3558982312679291
1140.2473366260529 0.40161392092704773
1150.3808424472809 0.35459384322166443
1160.773182630539 0.38982611894607544
1192.1015231609344 0.3507559299468994
1203.8361032009125 0.3596045970916748
1213.9105386734009 0.39494436979293823
1224.0246624946594 0.35532626509666443
1234.4752004146576 0.3473697900772095
1266.6714482307434 0.42306387424468994
1278.571961402893 0.3134586811065674
1288.604027748108 0.3985799551010132
1299.0545024871826 0.3544194996356964
1309.4921011924744 0.36526936292648315
1340.7555136680603 0.3669673204421997
1352.2644805908203 0.38912785053253174
1362.3444805145264 0.31794285774230957
1372.5938012599945 0.3450792729854584
1382.903178691864 0.3444863557815552
1413.6907231807709 0.3640695810317993
1425.770332813263 0.3480497896671295
1436.0217974185944 0.362405925989151
1446.2939307689667 0.3954266309738159
1456.7904689311981 0.36833661794662476
1488.56942486763 0.3395354151725769
1500.5114665031433 0.3600131869316101
1510.7578947544098 0.33989614248275757
1521.2464292049408 0.37828290462493896
1531.6172070503235 0.31102943420410156
