11.780579566955566 0.1015625
23.486387968063354 0.12890625
33.533225774765015 0.13671875
43.45767140388489 0.1611328125
53.60928916931152 0.19218750298023224
84.18204760551453 0.37890625
95.8201584815979 0.3828125
105.7709379196167 0.4231770932674408
115.99365091323853 0.46875
126.49095153808594 0.49531251192092896
158.01794242858887 0.625
169.78031992912292 0.6328125
179.79610133171082 0.6588541865348816
189.89444637298584 0.66796875
200.33816170692444 0.686718761920929
231.77661967277527 0.76171875
243.34724688529968 0.794921875
253.48592948913574 0.80078125
263.741414308548 0.8134765625
274.3080279827118 0.817187488079071
305.2947037220001 0.84375
317.11424469947815 0.828125
327.2633156776428 0.8385416865348816
337.5220685005188 0.845703125
347.9123795032501 0.850781261920929
378.91908407211304 0.87890625
390.5425069332123 0.8828125
400.4919316768646 0.8736979365348816
410.442355632782 0.880859375
420.7278039455414 0.887499988079071
452.1665713787079 0.8828125
463.75570845603943 0.892578125
473.8615012168884 0.8854166865348816
484.2786946296692 0.89453125
494.7372853755951 0.8999999761581421
525.8348717689514 0.90625
537.6910572052002 0.916015625
547.794091463089 0.91015625
558.1303713321686 0.9130859375
568.5705053806305 0.913281261920929
599.2716915607452 0.9453125
610.9194047451019 0.9375
621.0924398899078 0.9283854365348816
631.4654557704926 0.9306640625
641.8091826438904 0.9296875
672.7830183506012 0.94921875
684.407457113266 0.94921875
694.4717161655426 0.9375
704.5478436946869 0.931640625
714.7881925106049 0.930468738079071
746.4475016593933 0.92578125
758.559727191925 0.93359375
768.7221240997314 0.9270833134651184
779.0778090953827 0.9306640625
789.6539611816406 0.932812511920929
820.8907763957977 0.9375
832.6358327865601 0.943359375
842.7539041042328 0.9440104365348816
853.1061410903931 0.9423828125
863.6340489387512 0.9429687261581421
895.4203069210052 0.94921875
907.3271331787109 0.955078125
917.458104133606 0.9479166865348816
927.7173976898193 0.9482421875
938.23712682724 0.949999988079071
969.3613786697388 0.95703125
981.1813502311707 0.953125
991.3527431488037 0.94921875
1001.7818419933319 0.9482421875
1012.4049746990204 0.9468749761581421
1043.8171372413635 0.94140625
1055.6462271213531 0.94921875
1065.8898568153381 0.9479166865348816
1076.2958204746246 0.9482421875
1086.8222823143005 0.9507812261581421
1118.3046884536743 0.93359375
1130.0539321899414 0.9375
1140.2473366260529 0.9388020634651184
1150.3808424472809 0.943359375
1160.773182630539 0.946093738079071
1192.1015231609344 0.9609375
1203.8361032009125 0.9609375
1213.9105386734009 0.95703125
1224.0246624946594 0.955078125
1234.4752004146576 0.95703125
1266.6714482307434 0.9296875
1278.571961402893 0.951171875
1288.604027748108 0.94921875
1299.0545024871826 0.94921875
1309.4921011924744 0.9507812261581421
1340.7555136680603 0.9453125
1352.2644805908203 0.935546875
1362.3444805145264 0.9453125
1372.5938012599945 0.951171875
1382.903178691864 0.953906238079071
1413.6907231807709 0.96484375
1425.770332813263 0.9609375
1436.0217974185944 0.9622395634651184
1446.2939307689667 0.955078125
1456.7904689311981 0.9554687738418579
1488.56942486763 0.9609375
1500.5114665031433 0.9609375
1510.7578947544098 0.9622395634651184
1521.2464292049408 0.9580078125
1531.6172070503235 0.9609375
